timestep,reward,distance,control_cost
1000,-503.2708,-0.5671,491.2474
2000,-15.4077,15.9437,527.7251
3000,448.1431,3.0852,549.3570
4000,447.9338,2.3741,552.5479
5000,351.0870,6.1350,531.7724
6000,547.3017,6.5905,531.2379
7000,511.6250,4.5114,526.8758
8000,406.9305,9.0382,539.7412
9000,138.6842,10.4873,534.1765
10000,555.2051,6.9269,546.0233
11000,637.4355,12.1152,546.6309
12000,680.5710,13.1920,547.5411
13000,1007.1581,32.5528,553.2023
14000,1265.3184,43.8634,553.4936
15000,1036.5695,41.7125,552.3137
16000,429.0731,28.2723,548.8805
17000,1156.7169,38.7340,553.0666
18000,1423.7141,52.5837,555.9801
19000,-170.1364,17.1548,549.6154
20000,1039.9891,36.5086,551.5693
21000,1259.6225,43.4976,553.8032
22000,851.8472,30.2115,551.9214
23000,1370.0277,49.1849,553.0736
24000,596.1600,34.6514,553.9931
25000,1175.8192,49.2628,552.4373
26000,1526.7555,58.1616,552.7350
27000,756.9712,41.3714,551.1269
28000,1455.1392,60.3994,554.4824
29000,1507.2036,57.0838,554.3082
30000,987.3044,39.7495,553.4990
31000,1528.9405,61.2348,554.1301
32000,1847.0112,72.3327,555.7287
33000,1770.2426,69.9466,554.0627
34000,-385.6236,4.8253,549.7401
35000,-1245.7764,-34.6605,552.4563
36000,-1272.2353,-36.0375,551.4314
37000,-529.5786,0.9615,552.0430
38000,-349.4370,4.5701,550.7844
39000,1103.3075,49.1445,554.8475
40000,1567.3570,60.0046,553.6300
41000,1360.1001,58.2813,554.8294
42000,1688.4576,65.7868,555.5354
43000,1820.9297,72.0919,553.7128
44000,1441.0409,59.1508,551.3331
45000,1782.2866,69.5305,555.2199
46000,1711.9894,68.9436,555.4567
47000,1596.1277,64.0374,553.2014
48000,1584.5614,63.9613,555.9338
49000,1581.1627,62.7306,554.4014
50000,1807.9099,69.8220,554.1985
51000,1781.6245,68.8845,553.6906
52000,1824.0329,71.1783,552.7346
53000,1642.1136,65.2625,553.7004
54000,1669.4629,65.1201,555.5265
55000,1461.1579,53.2780,552.7386
56000,1462.6638,54.0997,552.5974
57000,1323.6390,46.9068,553.8440
58000,1526.7061,56.8615,554.3430
59000,1843.6685,71.5981,555.2952
60000,1725.6931,67.8425,553.7310
61000,1603.4965,62.3328,554.3091
62000,1762.6903,68.2060,553.3505
63000,1678.1761,68.2949,552.5196
64000,1767.5216,70.5955,553.9751
65000,1679.9068,68.8161,553.8132
66000,1085.1927,50.1149,553.8326
67000,1727.6409,68.0871,553.5850
68000,1882.6583,76.1551,553.3290
69000,1787.6381,70.2869,553.8887
70000,1724.9897,69.3113,553.7742
71000,1796.3562,71.8810,555.0967
72000,1887.0723,74.4543,554.7326
73000,1844.7000,72.9239,552.8367
74000,1739.8219,66.6477,551.9273
75000,1882.5417,73.6269,554.1952
76000,1845.1322,71.7419,554.1089
77000,1853.5674,72.3409,554.5470
78000,1757.1178,68.4593,555.9390
79000,989.9275,29.3288,553.5244
80000,1545.8176,57.2032,553.6855
81000,-280.5009,13.4513,551.1900
82000,1162.5443,51.7272,554.3310
83000,1376.2617,60.0645,553.7746
84000,1890.2790,74.7731,554.1836
85000,1836.2124,73.2177,553.9719
86000,1816.2561,71.1992,552.8782
87000,1809.8458,72.5779,554.8742
88000,1752.8622,71.6848,554.1738
89000,1577.0506,64.9410,553.3269
90000,1488.1348,57.5021,552.6990
91000,1790.2830,72.6444,554.5124
92000,1830.7411,71.0816,555.1390
93000,1863.8424,72.7106,552.6162
94000,1852.6871,74.0463,553.5299
95000,1854.3012,72.6532,554.7980
96000,1513.7498,62.8655,553.2494
97000,1938.4961,76.7935,554.2394
98000,1828.7054,73.1142,555.3487
99000,1912.0115,75.1546,553.0420
100000,1857.6069,72.4544,554.2914
101000,1867.9149,72.8523,552.9320
102000,1851.6741,72.0464,553.8063
103000,1826.4154,70.8393,554.3153
104000,1921.3552,76.4583,555.0570
105000,1914.7614,75.1611,554.1412
106000,1935.1680,76.1546,552.7124
107000,1926.5955,75.9333,555.6124
108000,1886.4309,73.7441,553.5846
109000,1863.0665,72.6884,554.4387
110000,1862.4323,72.7102,553.4070
111000,1886.6037,74.4945,554.7920
112000,1833.6792,73.4037,554.4666
113000,1960.8974,77.7828,553.7951
114000,1877.3072,73.3635,554.6508
115000,1788.0179,69.3163,554.4348
116000,1822.0168,70.6669,554.0365
117000,1936.4763,76.9169,554.2001
118000,1833.1381,71.7004,553.9071
119000,1900.6200,74.6321,554.3750
120000,1749.1114,68.0320,553.9653
121000,1642.5258,62.4607,555.2996
122000,1693.4040,67.0270,553.6387
123000,1786.6299,69.8121,555.2704
124000,1943.4232,76.9865,554.9325
125000,1714.0334,68.4015,554.1370
126000,1898.0758,74.6459,556.1139
127000,1934.0635,77.0239,553.9351
128000,1802.1962,69.8334,553.1580
129000,1680.7517,66.1183,552.9727
130000,1816.5968,71.0669,553.2077
131000,1835.5591,71.2874,553.1952
132000,1815.7097,70.4706,553.5486
133000,1693.7465,64.3659,553.1914
134000,1901.3733,74.5617,553.7626
135000,1836.7043,73.3094,553.9974
136000,1647.0485,65.9467,549.6821
137000,1896.6534,74.0846,549.7122
138000,1851.5234,71.7855,546.9160
139000,1880.1998,73.5755,549.7495
140000,2006.3334,79.8082,549.2939
141000,1839.3458,72.0173,549.5726
142000,1922.1658,75.3011,548.0032
143000,2003.8026,79.3968,546.7337
144000,1804.6763,70.3685,548.9478
145000,1979.6209,78.8848,548.6351
146000,1950.5894,77.0558,549.0946
147000,1919.7042,75.5970,548.1716
148000,1849.0622,72.5354,550.0666
149000,820.8851,25.7608,554.9671
150000,1905.8740,75.2590,547.6299
151000,1923.3573,75.6341,549.5350
152000,1873.1084,73.6867,549.8841
153000,1925.9029,75.8943,548.8360
154000,1970.3780,77.8792,548.5056
155000,1938.1591,76.1593,548.4204
156000,1907.7660,75.1516,547.5267
157000,2016.2220,80.0618,549.6898
158000,2020.5767,80.1013,546.9107
159000,1916.9752,75.1111,546.6816
160000,1853.7046,72.0533,548.1890
161000,1764.7851,67.8559,547.8188
162000,1872.6426,75.0342,548.1815
163000,1902.2512,74.5176,546.8938
164000,1977.3377,78.0132,547.8525
165000,1936.2344,75.8392,547.9764
166000,1876.3033,72.9935,548.1721
167000,1979.4672,78.1572,546.9919
168000,1999.9023,79.0909,547.5585
169000,2008.7895,79.8784,547.6361
170000,1944.8942,76.3438,547.6535
171000,1932.8602,76.0585,546.4956
172000,2028.9142,80.5919,546.1707
173000,1944.6424,76.4624,547.8709
174000,2008.3041,79.6100,549.1721
175000,1991.5190,78.7378,547.7021
176000,1924.4188,75.5098,548.6415
177000,1924.8925,75.4303,547.5530
178000,1954.9114,77.1903,547.2252
179000,2003.0988,79.5383,547.6943
180000,2043.5095,81.3027,546.4381
181000,2047.3314,81.6532,547.7941
182000,1995.8885,78.9882,547.9239
183000,2036.1349,81.1917,548.0925
184000,2017.4815,80.1650,548.5492
185000,-486.5902,3.0783,554.0849
186000,459.2022,4.4120,552.1429
187000,2025.5188,80.6538,547.4003
188000,1991.6218,78.9417,548.5016
189000,1975.5108,78.8829,548.4508
190000,2034.5396,81.2401,548.5732
191000,1983.0236,78.4806,546.5832
192000,1954.1031,77.0673,549.8080
193000,1967.7622,77.9636,549.3412
194000,2014.8298,80.2093,550.3794
195000,1972.2172,78.0406,547.3117
196000,2027.5707,80.8117,549.1089
197000,2090.3473,83.9282,548.2532
198000,2001.1459,79.5094,549.4984
199000,2041.8295,81.5714,548.8274
200000,1920.3478,75.5856,550.6325
201000,1918.1660,75.4589,548.8394
202000,1089.7311,36.3678,554.0663
203000,2034.0377,81.0475,548.1808
204000,1303.1320,47.8775,552.0840
205000,2057.7185,82.3862,550.3750
206000,2066.8614,82.5189,548.9434
207000,1015.2115,38.2090,552.6122
208000,892.3071,32.4852,552.5330
209000,2058.2272,82.3514,550.2635
210000,2019.0755,80.4131,549.1220
211000,2055.1104,82.2073,549.8798
212000,1699.9845,67.6358,554.7593
213000,1334.7815,49.0223,552.7274
214000,1530.5782,62.2632,553.6389
215000,2077.2180,83.4236,549.5582
216000,2027.3611,80.8211,548.2783
217000,1983.4335,79.4369,549.3905
218000,2051.3071,82.1637,548.8358
219000,2062.1458,82.5885,549.7509
220000,1283.0055,47.2094,553.8840
221000,2065.5512,82.9341,549.9109
222000,1095.7143,41.4321,554.3276
223000,1955.1029,77.7345,550.2638
224000,2023.6974,80.9824,550.8916
225000,2037.6120,81.2219,548.7959
226000,2113.0856,85.3939,549.9898
227000,1403.9457,52.0794,551.8173
228000,1526.9028,59.0513,553.8116
229000,2023.0651,80.5033,549.8697
230000,2005.0037,79.5687,550.5160
231000,2063.1717,82.5864,549.1406
232000,1356.4121,50.9954,554.0757
233000,2052.0532,81.9494,548.9710
234000,2044.3346,81.7223,549.8139
235000,2089.0814,83.9967,549.8579
236000,2052.0987,81.9582,549.8381
237000,2022.7164,80.3368,548.7503
238000,2074.0150,83.1608,550.1140
239000,1866.9413,73.3184,550.1710
240000,1903.8722,75.6085,548.4580
241000,2043.7963,81.4211,548.3743
242000,1978.5723,78.7053,549.5410
243000,2035.7931,81.0597,550.2443
244000,1944.4287,76.5892,551.8945
245000,2065.8176,82.7256,546.8372
246000,2011.8905,80.1795,550.1424
247000,2082.8962,83.4973,548.2086
248000,1973.7411,78.6385,548.5320
249000,2042.6838,81.5280,550.3692
250000,2044.7182,81.7053,549.3406
251000,887.6649,28.1731,554.8054
252000,1950.7128,78.3327,550.6236
253000,2082.3448,83.5422,549.7487
254000,1995.2028,79.2024,548.4410
255000,2058.3070,82.4692,551.8171
256000,2080.8887,83.6431,550.0762
257000,1997.5396,79.5901,550.1582
258000,2110.2991,85.4923,550.0117
259000,1977.8350,79.6266,551.8040
260000,2042.5257,81.5583,550.7014
261000,2008.2453,80.0397,551.6230
262000,2050.9187,82.1221,551.3743
263000,2005.2775,79.6150,548.1499
264000,2059.4967,82.7800,549.5476
265000,2013.1460,80.1377,550.3608
266000,2083.2976,83.5598,549.6371
267000,2072.6701,83.2403,550.6554
268000,1741.8431,67.9123,552.7099
269000,2036.9305,81.3647,549.9743
270000,1731.2143,69.1578,552.4952
271000,1296.5508,55.5940,554.8613
272000,2038.3277,81.5620,549.0790
273000,2059.0570,82.4707,550.8579
274000,2073.2895,83.1615,551.0208
275000,2056.8599,82.5177,551.1826
276000,1687.1356,65.7421,554.1298
277000,2092.6025,84.3178,551.1567
278000,2086.9098,83.7276,549.7179
279000,1500.9319,61.2253,554.8301
280000,2140.0338,87.3081,548.5514
281000,2118.9884,85.2325,548.4014
282000,1668.8202,64.8950,555.7664
283000,1651.1278,64.2074,554.3008
284000,2112.2411,85.2154,550.2032
285000,1816.7601,72.9304,553.0678
286000,2024.9780,81.1025,549.6533
287000,2026.6238,81.6618,550.3834
288000,1713.3182,66.8362,553.6852
289000,1973.1001,78.2651,551.2049
290000,2090.5383,84.0620,550.0767
291000,2118.3179,85.3701,550.9411
292000,2117.1004,85.2476,549.9827
293000,2068.8746,82.8308,550.5734
294000,2048.5906,81.8242,549.4008
295000,1764.2511,73.2355,552.4377
296000,2018.9511,80.8894,550.3432
297000,1774.6430,72.3431,551.8512
298000,2061.3678,82.3579,549.6178
299000,2060.2246,82.5721,549.7114
300000,2107.4211,84.8969,550.8652
301000,2091.3834,83.9046,549.9043
302000,2049.7544,81.9093,550.2886
303000,2118.3414,85.2992,550.8878
304000,2093.1176,84.2113,551.6976
305000,2115.6664,85.3961,550.0624
306000,2096.5511,84.5225,549.2580
307000,2015.1311,80.0125,549.8849
308000,2096.4520,84.1747,548.5429
309000,2004.6473,80.3353,550.5881
310000,2118.9859,85.6342,551.5552
311000,2067.2720,82.7911,550.4719
312000,2061.2748,82.4690,548.4884
313000,2077.8862,83.3984,550.4900
314000,2122.7775,85.4970,549.8275
315000,2122.4407,85.4732,550.5321
316000,1986.2455,78.6740,549.3390
317000,1154.1869,51.1539,554.7628
318000,2055.4199,82.4035,550.4457
319000,1775.0486,70.3680,553.5773
320000,2062.1671,82.6714,550.4915
321000,2061.9653,84.8229,548.9154
322000,2121.8222,85.3339,549.2859
323000,1759.6821,72.5921,554.6033
324000,2106.4581,84.7959,550.9960
325000,2091.1308,84.7038,550.5932
326000,2057.6334,82.3302,549.2516
327000,2124.4817,85.8422,550.2323
328000,2042.0886,82.8643,551.6125
329000,1997.5897,79.2670,550.3348
330000,2067.7117,82.9477,550.6574
331000,2072.5226,83.5804,550.3802
332000,2111.2362,85.0476,550.3433
333000,1959.4383,78.9242,549.4768
334000,2055.1055,82.3736,550.4762
335000,2075.6995,83.3733,550.5985
336000,2140.2355,86.3032,550.0546
337000,2058.4746,82.4867,550.8039
338000,2003.0211,79.8497,550.8428
339000,2041.6218,82.4249,550.1127
340000,2081.7655,83.5857,550.2583
341000,2084.2311,83.6487,550.4186
342000,2084.9256,83.6037,549.8901
343000,2157.9526,87.5607,549.6114
344000,2095.4872,84.3142,550.2051
345000,2104.2565,84.6775,550.0563
346000,2096.7810,84.3942,551.7106
347000,2023.0283,80.6070,550.5952
348000,2087.7181,83.7952,550.3505
349000,2028.7814,80.9932,550.2224
350000,2114.1899,85.2804,549.4546
351000,1910.9144,75.7553,551.7186
352000,2080.3789,83.5342,550.1711
353000,2068.7153,83.0253,550.6653
354000,2097.2641,84.5138,548.4257
355000,2073.1127,82.9427,548.4580
356000,2076.6744,83.6557,549.8855
357000,2090.0380,83.6034,547.9955
358000,2071.0713,83.3133,549.6532
359000,2039.8404,81.6955,550.2546
360000,2107.2058,84.8780,549.9625
361000,2069.3485,82.8337,548.7508
362000,2205.4017,89.6637,550.0225
363000,2078.5008,83.2603,549.0082
364000,2143.4889,86.4658,547.9277
365000,2066.2167,82.8593,549.7280
366000,2102.2258,84.6946,550.0580
367000,1658.1463,64.2363,551.6295
368000,2122.9641,85.4713,548.3487
369000,2084.0324,83.4533,548.4560
370000,2103.8808,84.6993,549.0939
371000,2161.0270,87.6564,551.0244
372000,2082.6020,83.5269,549.7787
373000,2115.3920,85.0577,550.6635
374000,2121.5851,85.6913,550.4945
375000,2125.1327,85.3504,548.7826
376000,2030.1133,82.9156,547.6263
377000,2128.1643,86.3721,549.5044
378000,2102.6419,84.3924,548.9794
379000,2161.9621,87.1881,548.1951
380000,2136.1414,86.1520,548.3574
381000,2147.2026,86.3598,547.0653
382000,2117.2806,85.3773,547.1477
383000,2118.2958,85.1243,547.7203
384000,1979.4538,80.5042,552.4940
385000,2056.6825,82.3991,550.4229
386000,2124.9732,85.9647,549.5306
387000,2137.6178,86.3311,549.3196
388000,2133.1617,86.1725,549.0882
389000,1989.9769,80.3717,552.8110
390000,2116.0818,85.2801,549.0338
391000,1889.6952,75.1413,554.0474
392000,2079.3192,83.5756,548.1097
393000,2053.1064,83.9046,548.7731
394000,2113.1673,85.1562,548.4350
395000,1637.0394,65.6001,553.5998
396000,2157.3782,87.6904,548.2148
397000,2102.7983,85.1935,546.6047
398000,2007.7046,80.6537,552.3643
399000,2098.2129,85.2180,547.1081
400000,2149.3505,87.1386,549.6255
401000,2064.1740,82.5511,547.1443
402000,2148.1721,86.7572,548.2970
403000,2154.8666,86.8980,548.3198
404000,2139.8730,86.2263,548.5766
405000,2086.1196,84.5361,549.5157
406000,2122.2497,85.3106,546.7248
407000,2111.4725,84.8504,546.5368
408000,1992.8257,80.7437,553.0462
409000,2118.6240,84.9478,546.5043
410000,2153.3938,86.9729,545.4880
411000,2102.6578,84.6104,545.3868
412000,2129.8922,85.6750,545.3281
413000,2134.1493,85.9982,546.7270
414000,2124.7938,85.5666,546.4340
415000,1946.9576,78.4314,553.0032
416000,2175.7052,88.0182,546.5332
417000,2169.2127,87.6094,547.6233
418000,2168.0228,87.7132,547.9304
419000,2072.0985,83.0505,548.9815
420000,2147.1945,86.8742,548.7372
421000,2125.5511,85.7273,546.3832
422000,1744.0237,71.2397,554.3579
423000,2124.4731,85.2789,545.2148
424000,2003.7746,82.9495,555.1208
425000,2149.4510,87.0775,543.5262
426000,1830.0688,75.0442,552.8848
427000,2131.1859,85.4404,542.0883
428000,2185.7448,88.0945,542.1567
429000,1762.0125,74.8056,556.5507
430000,1996.6460,81.5014,553.0499
431000,2171.1079,87.6665,544.9057
432000,2196.6871,89.0374,544.5995
433000,2177.4128,87.8856,542.9255
434000,2139.6826,85.9011,541.8050
435000,2165.5111,87.1227,542.4682
436000,2155.0458,86.5640,541.1234
437000,2221.9710,90.0900,542.1601
438000,2179.3373,87.9730,542.7850
439000,2148.5333,86.2806,540.7929
440000,2133.7186,85.8089,541.7103
441000,2201.2291,88.8148,542.1070
442000,2190.2094,88.4474,543.0871
443000,2177.7952,88.1252,544.8239
444000,2203.2573,89.2277,540.6445
445000,2166.4498,87.3972,543.8908
446000,2154.6118,86.6160,542.9448
447000,2018.2625,81.7650,540.0900
448000,2187.0430,88.3294,542.6464
449000,2113.8742,84.7249,542.0243
450000,2178.0474,87.5087,539.3438
451000,-7.5087,26.9006,553.1173
452000,2175.8846,87.8627,544.7440
453000,2192.2986,88.8489,546.5615
454000,2167.1460,87.6073,545.3456
455000,1798.5013,76.8947,553.8765
456000,2169.1077,87.9084,541.3417
457000,2132.3494,85.6429,541.4554
458000,1938.6388,77.2575,552.6316
459000,2159.9918,87.2288,542.7124
460000,2104.3715,84.4930,545.3000
461000,2022.3691,81.4369,550.8971
462000,2149.7665,86.7069,542.5657
463000,2196.8458,88.8741,543.1947
464000,2189.1191,88.7092,544.0739
465000,2150.5113,86.5670,542.1164
466000,2181.8422,88.2538,544.6954
467000,2111.3643,84.6555,543.5911
468000,2162.9330,87.0161,542.2958
469000,2182.5280,87.8500,540.6044
470000,2085.3247,83.7260,539.4131
471000,2205.4229,89.3281,542.4300
472000,2171.0300,87.7737,540.1866
473000,2160.7257,86.9740,540.4434
474000,2083.4341,83.4065,543.2879
475000,2172.7791,87.6486,538.7359
476000,2050.4674,81.6349,543.1525
477000,2157.2774,86.7680,539.6927
478000,2109.6833,84.4943,540.0901
479000,2145.0287,86.1742,538.5537
480000,2178.5524,87.9363,539.2679
481000,2064.8955,83.0907,537.7768
482000,2085.2607,83.4068,539.2354
483000,985.3587,32.1177,554.7795
484000,1933.0986,77.6752,553.2649
485000,2135.9158,85.4203,535.6101
486000,2165.6080,87.2246,537.6327
487000,1967.1471,81.4120,552.7872
488000,2131.1183,85.3727,536.7216
489000,2200.2314,88.6293,536.0257
490000,2174.9088,87.3713,535.1051
491000,2167.5747,87.1131,534.7204
492000,2056.0141,83.4343,553.3457
493000,2183.8168,87.8162,537.2824
494000,2212.9570,89.4923,538.0402
495000,1982.0053,81.1839,551.8878
496000,2166.9115,87.0723,537.5898
497000,2128.7628,85.2756,538.9357
498000,2137.0024,86.5231,539.5389
499000,2014.7992,81.9317,550.6452
500000,2173.8171,87.4363,537.5472
501000,1991.0353,80.5354,549.6076
502000,2075.8382,83.7249,539.8194
503000,2163.7563,87.1954,538.4060
504000,2180.4783,88.0563,538.3124
505000,2085.1825,83.3864,538.9359
506000,2046.8654,81.3812,540.0991
507000,2257.7069,91.9972,540.4722
508000,1922.9166,77.4067,552.2446
509000,2132.3643,85.6398,539.1252
510000,2005.4521,80.7386,552.5564
511000,2094.7110,84.6449,538.0599
512000,2168.0867,87.3397,539.0334
513000,2160.4067,86.7448,535.8856
514000,2164.0472,87.1732,536.6081
515000,2107.9103,84.8160,539.6628
516000,2195.9857,88.6396,537.7956
517000,2200.4287,89.3128,538.5200
518000,2149.8275,86.5793,540.1570
519000,2166.0286,87.1960,540.3299
520000,2183.1771,88.1712,536.3336
521000,2155.3000,86.9459,537.3871
522000,2114.0098,84.8937,535.5944
523000,2130.7817,85.7159,536.8399
524000,2181.3655,88.4955,536.6442
525000,2195.8019,88.3358,536.7791
526000,2189.8089,87.9579,535.0285
527000,2148.4258,86.1946,536.6080
528000,2169.1617,87.2145,538.3682
529000,2112.6397,84.3712,537.9386
530000,2190.2353,88.0571,536.1033
531000,2168.3908,87.3973,537.4609
532000,2221.3424,89.8038,537.5448
533000,2004.4514,81.2091,553.1027
534000,2205.8779,89.0446,538.4187
535000,2084.9721,83.1408,537.0563
536000,2173.7207,87.7143,536.3196
537000,2160.0988,86.8365,536.2586
538000,2109.6259,84.5718,538.8342
539000,2183.6199,87.8509,536.3688
540000,2218.2445,89.5006,536.5101
541000,2190.9682,87.8913,533.2427
542000,2182.2354,87.8453,535.2450
543000,2131.1759,85.0428,535.7510
544000,2170.7272,87.0826,535.0953
545000,2183.2391,87.6380,535.7316
546000,2166.5628,86.9996,537.0625
547000,2227.7429,90.0951,536.1914
548000,2163.6125,86.9309,536.9348
549000,2055.5773,81.6495,538.1379
550000,2198.0436,88.3602,534.7276
551000,2188.4263,87.8548,534.7563
552000,2158.0776,87.3054,536.0458
553000,2135.7659,85.2409,534.1117
554000,2189.9001,88.0520,533.5182
555000,2188.9806,88.2012,535.5365
556000,2135.6622,85.5288,532.2571
557000,2264.6991,91.5853,533.2796
558000,2209.0370,89.8458,535.2367
559000,2119.0496,85.0683,529.0400
560000,2130.0697,85.6170,530.8677
561000,2166.8831,88.2172,533.3577
562000,2019.0506,81.6584,540.6835
563000,1855.1597,77.7030,542.2931
564000,1984.1389,80.4047,542.3679
565000,2231.1024,90.1373,527.6924
566000,1980.1295,79.5946,539.8423
567000,2118.5791,84.7738,534.4263
568000,2186.4141,87.8827,532.4485
569000,2028.3571,82.9271,542.8579
570000,2188.6838,87.6734,528.1041
571000,2034.0450,82.2595,545.4619
572000,1895.4374,75.2186,550.0843
573000,2121.3795,84.3035,530.4067
574000,2094.7991,85.1963,543.7936
575000,2033.0989,82.2277,544.6026
576000,2023.6821,81.5034,545.3515
577000,2047.1266,83.9184,546.4945
578000,2224.9696,90.3828,530.7550
579000,2212.4395,89.3229,530.4851
580000,2043.0109,82.7089,543.6527
581000,2038.5490,83.2777,547.2046
582000,2229.6422,90.6621,531.1341
583000,2017.9567,83.0675,546.5569
584000,2164.8093,86.7123,531.7498
585000,2194.7905,88.3540,533.1463
586000,2171.7563,87.0916,530.8650
587000,2061.1034,85.0363,548.6543
588000,2189.4563,88.0308,531.1193
589000,2194.7245,87.9708,529.5827
590000,2155.3450,86.2751,530.6271
591000,2086.7607,82.4370,527.0814
592000,2201.9656,88.1180,526.8430
593000,2184.6151,87.2742,526.5758
594000,2215.8928,89.1304,528.6827
595000,2178.4729,87.1506,528.5405
596000,2159.4363,86.2803,526.9750
597000,2217.1637,89.1824,528.9791
598000,2157.8570,86.2259,529.8866
599000,2199.9103,88.1858,529.5463
600000,2154.1595,86.0752,530.4797
601000,2187.1825,88.2776,529.3468
602000,2164.7024,86.9182,527.8774
603000,2166.3931,87.1475,530.3073
604000,2149.8392,85.7776,531.6240
605000,1803.0999,71.8874,549.9921
606000,2257.0066,91.2586,529.6709
607000,2217.9141,88.9958,526.0556
608000,2158.8181,86.5389,533.0329
609000,2151.7816,85.8986,528.8412
610000,2177.3417,87.2019,529.8772
611000,2216.0972,88.9752,526.7072
612000,2131.7682,84.8979,530.1573
613000,1986.4118,81.1288,532.6341
614000,2170.6794,87.1052,530.8618
615000,2242.0868,90.3491,528.4582
616000,2200.0017,88.4474,531.2773
617000,2125.3314,86.7538,534.4919
618000,2163.1266,86.5312,531.8121
619000,2211.9304,89.3088,530.4467
620000,2183.1936,90.5468,551.7536
621000,2191.7637,87.9978,530.6415
622000,2179.0389,88.2081,533.2609
623000,2170.0552,87.6537,533.3049
624000,2139.0593,85.2562,527.7762
625000,2197.7930,88.6699,529.0089
626000,2224.5271,89.4424,527.8255
627000,1831.1426,77.1690,553.0042
628000,2105.7043,88.1363,550.9906
629000,2184.4712,87.3689,529.3214
630000,1694.6824,71.0226,551.6261
631000,2061.5143,83.1267,552.1084
632000,2126.7336,86.0689,530.9362
633000,2032.8283,82.4127,550.6787
634000,2100.6026,85.9965,549.2943
635000,2213.6767,90.0319,529.7009
636000,2016.0513,82.0964,550.4398
637000,2228.7416,89.8973,531.3858
638000,2046.9366,82.7908,549.6671
639000,2202.8929,88.3300,528.9122
640000,2169.1975,88.8923,546.8693
641000,2087.3676,84.9734,548.4973
642000,2228.4098,89.8102,529.3936
643000,1873.8528,75.2305,547.2874
644000,2177.7617,88.3095,530.2056
645000,2166.5888,86.8669,531.4660
646000,2199.6703,88.4720,530.6995
647000,2139.3674,86.8696,544.3991
648000,2211.6085,89.2065,530.2667
649000,2150.0191,85.6729,530.1920
650000,2136.0573,85.5341,531.7358
651000,2110.5236,86.6217,535.2760
652000,2182.3335,87.4513,530.8881
653000,2146.7883,86.4568,530.6784
654000,2185.8319,87.7286,531.9090
655000,2095.2274,84.5820,533.0687
656000,2214.0111,89.3107,533.3506
657000,1854.4503,76.3667,542.4860
658000,2205.5450,88.5572,531.7653
659000,1929.0200,77.0641,542.7399
660000,2096.7059,85.3881,542.9767
661000,2139.0251,85.7093,531.5815
662000,2013.1802,82.9770,544.0384
663000,2215.6756,89.2491,533.8467
664000,2048.1390,82.3520,542.7116
665000,2122.0247,85.6524,542.3497
666000,2218.5652,89.3730,533.5380
667000,2144.5315,85.6946,534.1513
668000,2210.0468,89.3330,534.8190
669000,2202.7153,89.9968,544.3762
670000,2030.0284,81.9066,545.8043
671000,2102.6791,85.0369,535.2843
672000,2024.0354,83.7637,546.3837
673000,2128.8142,85.7966,537.9778
674000,2160.0052,86.7191,536.2147
675000,2104.9068,87.6556,545.8629
676000,2157.8111,86.2246,532.5700
677000,2189.7111,87.6400,531.5164
678000,2169.6582,86.9189,532.7719
679000,2169.8174,86.7639,531.3182
680000,2205.6263,88.8741,532.7468
681000,2237.7646,90.1327,530.4742
682000,2181.8513,87.3181,531.1872
683000,2014.2524,79.2512,536.7827
684000,2125.3615,85.4635,535.4813
685000,2234.2954,90.3572,535.0979
686000,2192.1099,87.8109,531.3616
687000,2204.5755,88.7897,534.5041
688000,2225.2075,89.5290,533.0520
689000,2146.8195,86.3177,536.1257
690000,2143.3468,86.1970,537.2284
691000,2157.3945,86.5694,534.7337
692000,2095.2177,84.5437,536.5813
693000,2195.1965,88.4849,533.3038
694000,2036.4290,84.0563,540.7804
695000,2214.5288,88.9022,531.8512
696000,2197.5020,88.4711,533.3227
697000,2196.7036,88.5208,534.4240
698000,2207.6802,89.0157,534.6069
699000,2145.8368,86.8725,543.4257
700000,2087.1066,85.1561,543.3610
701000,2220.2610,89.7096,537.9526
702000,2223.4033,90.9462,544.3133
703000,2192.5458,88.4964,535.6357
704000,2229.1986,90.0718,535.0148
705000,2117.1245,85.2392,535.5761
706000,2149.8833,87.0673,541.7575
707000,2171.2991,87.2127,535.9426
708000,2188.5421,88.7765,537.1252
709000,2200.8036,88.7738,533.9471
710000,2195.6143,88.4041,534.8111
711000,2211.0252,89.6152,538.1098
712000,2215.0370,89.1946,533.3799
713000,1959.3901,78.2638,542.9557
714000,2209.2118,89.0199,537.2959
715000,1719.4250,67.8209,553.4396
716000,2216.3611,89.4080,537.9698
717000,2165.6301,86.9411,535.4795
718000,2078.0787,85.7158,545.0632
719000,1868.0368,75.6845,552.7634
720000,1879.8923,78.3386,543.9418
721000,2170.3574,87.3281,536.0578
722000,2135.2379,88.7907,544.0954
723000,2166.3623,86.8047,535.6094
724000,1697.7160,67.4739,549.1736
725000,2022.7201,84.0507,543.0456
726000,2126.9936,85.5503,532.9822
727000,2235.4220,90.3002,531.6974
728000,2154.3415,86.4888,536.5323
729000,2199.1187,88.5613,533.2541
730000,2180.4329,87.4741,535.3703
731000,2210.9371,89.2308,534.9382
732000,2214.4089,89.3237,533.4106
733000,2171.9389,87.1678,533.4567
734000,2019.0594,85.1501,534.8018
735000,2181.8014,87.8519,536.2169
736000,2158.8873,86.5661,532.0486
737000,2143.8762,85.8347,536.3496
738000,2216.2118,89.6841,536.7509
739000,2168.1929,86.8727,533.8503
740000,2184.7807,87.6390,535.2353
741000,2212.6137,89.6191,535.4459
742000,2081.8313,84.5552,537.2973
743000,2086.1713,85.0033,539.4536
744000,2075.1962,88.7157,538.5416
745000,2160.7597,86.9499,536.0435
746000,2193.1931,88.0542,533.8762
747000,2157.0969,86.5262,535.3471
748000,2050.0037,83.9506,545.8627
749000,2194.0592,88.4635,537.0483
750000,2129.2898,90.9394,537.9563
751000,2185.8914,87.8331,533.6465
752000,1650.9146,65.5709,546.1902
753000,2146.0627,86.5195,532.6816
754000,1943.5372,78.1899,541.7509
755000,2191.5768,88.3776,534.4125
756000,2197.9848,88.6772,533.1040
757000,2211.9175,89.1384,532.8238
758000,2198.5519,89.3815,532.2539
759000,1892.3084,74.9245,544.3214
760000,2143.8377,85.9782,531.1711
761000,1886.1395,75.0769,545.1504
762000,2280.1035,92.5989,529.5391
763000,2080.7398,83.9662,541.2889
764000,2086.7114,84.5507,542.5496
765000,2182.2292,88.0148,531.7331
766000,2224.3295,89.6965,529.4501
767000,2238.7630,90.5467,529.7405
768000,1946.9973,77.4073,539.2303
769000,2106.2806,85.6844,542.6877
770000,2184.0736,87.7981,533.5603
771000,1914.2606,75.4494,538.6053
772000,2216.3039,89.7270,532.9703
773000,2217.2708,89.1577,529.8672
774000,2184.5070,87.4599,529.8034
775000,2224.6805,89.5874,530.9589
776000,2161.9465,86.6027,532.4927
777000,2131.9125,85.0273,529.3068
778000,2111.3438,87.0459,544.6819
779000,1996.8068,82.1632,542.8554
780000,2232.8258,89.9499,530.2647
781000,1971.5616,80.0930,543.5114
782000,2130.2861,86.5344,541.8801
783000,2026.9383,81.8425,540.2874
784000,2043.7014,82.8834,540.2783
785000,2076.2883,82.8369,538.3127
786000,2131.3576,86.4106,538.5232
787000,2028.2041,80.9548,536.7300
788000,2080.2262,84.2033,533.7539
789000,2086.5716,83.2774,532.7981
790000,2082.1914,84.3127,535.2745
791000,2149.3775,86.0234,529.4012
792000,2047.4714,83.0011,534.8811
793000,2155.4166,86.4533,533.2824
794000,2199.2454,89.7298,531.5904
795000,2111.6048,84.5816,533.6125
796000,2138.4293,86.2844,534.7853
797000,2036.6660,81.2682,534.1938
798000,2184.8999,88.3526,532.8151
799000,2120.5756,85.3877,530.5354
800000,2098.6837,84.0113,531.7598
801000,2137.8467,86.5113,532.5246
802000,2152.9831,86.3595,535.3338
803000,2095.9348,85.4973,535.3691
804000,2171.6229,87.7576,532.9796
805000,2155.0390,87.5015,533.8984
806000,1900.3220,76.8932,535.6128
807000,1922.1142,81.0763,539.8062
808000,2204.0419,88.4480,531.6697
809000,2190.5016,87.9176,531.6165
810000,2220.7926,89.1853,527.9896
811000,2159.5921,86.3133,529.1129
812000,2200.9784,88.4015,529.5326
813000,2134.1886,85.3600,531.3705
814000,2163.6163,86.4661,530.4616
815000,2061.9223,82.8863,535.0628
816000,2173.4508,87.2197,528.8165
817000,2222.8587,89.7919,532.6771
818000,2196.0392,88.3279,529.5372
819000,2217.9420,89.0294,527.5561
820000,2137.4070,85.5244,532.6039
821000,2115.5019,84.1771,528.6654
822000,2010.3485,80.5569,534.5337
823000,2109.6608,84.2833,530.7377
824000,2208.9601,88.7842,530.1716
825000,2033.0172,80.3941,529.8287
826000,2144.8043,87.5819,530.6723
827000,2216.7072,89.0887,527.6702
828000,2170.4037,87.2338,526.2007
829000,2120.4912,85.6684,537.7143
830000,1946.7809,81.4753,531.4291
831000,2107.9512,85.8903,538.9378
832000,2137.4192,87.7471,538.6417
833000,2115.6411,86.4313,537.2880
834000,1885.1865,76.8907,536.4241
835000,2033.7381,82.0406,536.3103
836000,2233.6669,90.0170,524.4343
837000,1996.9561,82.9781,535.4677
838000,2144.6264,85.1015,522.9180
839000,1032.7161,37.1802,548.6629
840000,2095.9183,84.4592,533.4230
841000,1921.6019,80.3568,532.1583
842000,2018.0679,82.1964,530.9506
843000,2206.8512,90.0042,532.7655
844000,2126.5756,86.4622,533.9595
845000,2259.8291,90.9927,521.2528
846000,2207.0375,89.1063,521.9459
847000,2241.3836,90.2972,519.0036
848000,1769.3162,77.6835,525.7369
849000,1438.5663,62.9072,541.8256
850000,2006.0716,82.0893,537.7041
851000,2097.8199,84.6734,536.6931
852000,2056.0571,83.6422,540.3839
853000,1996.1275,81.6367,525.9642
854000,2211.5388,88.7928,524.6988
855000,2225.6358,89.3751,524.7982
856000,2176.9398,87.3076,528.5226
857000,2224.9765,89.3384,522.0626
858000,2077.0112,85.6624,525.9012
859000,2155.3025,87.3585,532.3798
860000,1989.1161,81.4018,536.3029
861000,2260.4646,91.2988,526.5642
862000,2091.2437,83.8278,525.7639
863000,2111.5961,86.4267,532.8874
864000,2060.1333,84.9884,532.7669
865000,2167.4652,87.6823,533.9089
866000,2166.9063,87.3211,530.2867
867000,2216.2502,89.1658,525.4674
868000,2028.1151,79.8327,527.4350
869000,2260.2252,90.9522,524.1157
870000,2083.7048,85.6223,532.7139
871000,2234.2446,89.9481,527.4322
872000,2169.5260,86.9699,527.4402
873000,2266.4800,91.7610,528.5018
874000,2238.5745,90.2515,526.6723
875000,2173.3938,87.1892,530.1168
876000,2233.1620,91.4162,528.0954
877000,2208.6402,89.0276,531.8894
878000,2207.5349,89.2601,528.0745
879000,2290.3554,92.5526,526.5762
880000,2249.1207,90.6138,528.7410
881000,2298.5685,93.1533,527.8155
882000,2160.9724,86.6023,531.6784
883000,2289.8955,92.8874,528.6234
884000,2179.1109,87.4062,528.6238
885000,2297.3275,93.1922,528.1195
886000,2326.3977,94.6222,528.3715
887000,2248.5027,90.9206,530.6071
888000,2184.7600,87.5607,525.4423
889000,2147.2131,87.5458,532.7482
890000,2261.1656,91.5499,528.3741
891000,2230.2961,90.4053,526.9841
892000,2218.6992,89.3608,528.7492
893000,2245.5206,90.5830,526.3782
894000,2069.1490,84.5100,533.4438
895000,2315.5051,93.6855,521.5276
896000,2207.1547,89.1606,526.9760
897000,2247.3938,91.7034,528.4410
898000,2239.4038,90.6720,529.5835
899000,2180.4660,87.3007,527.6942
900000,2269.6786,91.4958,524.4186
901000,2274.2066,92.6107,524.2126
902000,2096.1671,84.5644,532.8223
903000,2221.8284,89.0455,525.0410
904000,2117.9760,85.4498,527.2889
905000,2266.0225,91.6740,522.0657
906000,2288.9999,92.6762,524.2945
907000,2240.6726,89.8855,521.3965
908000,2233.1997,89.7687,525.0444
909000,2275.5500,92.1967,525.3799
910000,2253.7104,90.8025,524.2295
911000,2114.8262,86.7748,530.0174
912000,2207.6039,89.3040,523.4688
913000,2123.9669,86.2890,530.2397
914000,2276.5012,92.2948,521.5737
915000,2102.7623,84.9018,530.6509
916000,2248.2403,90.1040,517.6119
917000,2232.3951,89.2989,518.8569
918000,2266.3473,90.9807,516.4416
919000,2321.2102,93.6674,517.9046
920000,371.0528,0.1604,553.5397
921000,2210.0203,88.3230,520.6227
922000,1890.6992,78.6341,533.3275
923000,1796.1866,75.0141,522.0639
924000,1344.6616,53.0438,533.8904
925000,2241.0971,89.7717,519.2097
926000,2336.8026,94.3802,515.7141
927000,2316.5830,93.4395,516.7543
928000,2244.4381,90.1687,519.8254
929000,2091.8397,86.2134,535.5014
930000,2315.6303,93.5860,517.0229
931000,2208.9476,88.0853,518.8636
932000,2296.8716,92.5528,519.6711
933000,2154.4685,86.7251,523.7059
934000,2305.0497,92.9252,520.1920
935000,2187.7626,88.8219,530.6013
936000,2092.2762,84.0123,529.8278
937000,2072.9714,83.3972,529.6198
938000,2314.0561,93.6559,521.3897
939000,2298.0721,92.6985,519.7159
940000,2315.9471,93.2877,517.3762
941000,2313.0127,93.8114,520.8979
942000,2310.9955,93.3175,519.3689
943000,2252.3385,90.6936,521.4254
944000,2313.2056,93.3386,519.0400
945000,2228.2848,89.6991,523.8887
946000,2323.6287,94.2904,523.7661
947000,2183.3481,87.4598,522.6273
948000,2152.5556,87.9528,532.8196
949000,2285.1328,92.4887,524.2601
950000,2297.8638,92.7159,520.4540
951000,2081.2494,83.0339,528.6389
952000,1699.6366,67.1995,542.7665
953000,2274.4328,92.5553,525.7932
954000,2212.5754,90.1348,523.9634
955000,2282.3388,91.9999,521.7945
956000,2183.1632,89.0482,531.1950
957000,2198.1844,88.1392,526.7122
958000,2292.4681,92.8541,522.4647
959000,2344.7120,95.1439,521.0350
960000,2260.6670,91.8331,517.7426
961000,2316.0009,93.7601,522.8647
962000,2233.3287,89.5797,520.5831
963000,2265.9074,91.0615,517.8721
964000,2301.4331,92.7271,516.7408
965000,2308.3123,92.8632,514.6743
966000,2318.6234,93.3814,514.3923
967000,2363.8354,95.6640,515.7623
968000,2291.3901,92.1041,516.7831
969000,2272.2214,91.9368,520.7775
970000,2283.6052,92.0411,522.0858
971000,2312.0979,93.7017,521.9613
972000,2334.8806,94.3141,518.9375
973000,2223.6218,89.0790,518.0015
974000,2274.7994,91.7097,514.6391
975000,2365.2751,96.1127,520.6821
976000,2364.8975,96.0911,522.8697
977000,2318.7852,93.9058,522.5575
978000,2329.3265,94.1588,520.8070
979000,2415.8757,98.5684,519.0044
980000,2339.0657,94.8988,519.5890
981000,2325.1839,94.0245,515.9208
982000,2259.2856,90.4326,517.1821
983000,2181.7087,87.2773,520.4236
984000,2295.9481,92.3475,518.4043
985000,2253.2868,90.5974,513.5012
986000,2300.9176,93.0772,518.4179
987000,2321.7109,93.6458,514.7592
988000,2338.0448,94.0505,513.3097
989000,2309.5005,93.0470,515.9367
990000,2305.6035,92.7726,516.1565
991000,2246.1777,89.9658,516.2892
992000,2340.3412,94.9165,517.6462
993000,2302.5759,92.8027,516.8194
994000,2359.9809,95.4111,514.8303
995000,2243.9086,90.5342,520.7010
996000,2316.9779,93.3559,516.0684
997000,2304.2874,93.1178,516.7923
998000,2346.5425,94.5527,513.7417
999000,2332.2972,94.4728,515.4064
1000000,2354.6218,95.4737,516.1046
