timestep,reward,distance,control_cost
1000,-506.4747,-0.2272,501.6543
2000,405.3183,2.1939,554.8671
3000,55.0613,-0.7506,551.3436
4000,93.2748,6.6177,522.6491
5000,412.7397,3.6995,492.4050
6000,540.4158,3.1960,448.0933
7000,546.8102,1.7959,441.0845
8000,435.3075,2.1845,492.6059
9000,584.3158,21.0531,538.1875
10000,328.5055,-0.7173,538.1998
11000,363.6280,1.8675,541.8843
12000,686.9807,20.4121,541.1652
13000,799.6882,24.4491,544.8195
14000,603.3507,22.8384,544.3154
15000,424.3052,17.0883,548.6813
16000,49.5629,24.9263,546.7219
17000,-80.9559,23.3077,546.3927
18000,-45.5351,23.2651,547.0194
19000,873.4018,28.0072,549.0288
20000,-5.3081,27.1902,547.8375
21000,752.0034,24.7482,550.0369
22000,798.6636,28.5186,549.0659
23000,-390.4119,0.0419,551.9166
24000,293.7943,3.7317,552.7304
25000,93.8904,0.2339,551.7710
26000,513.2290,14.7119,550.5796
27000,236.0033,-0.5340,552.7703
28000,408.9237,8.4708,550.5943
29000,339.2637,32.1876,547.7872
30000,596.0038,27.2197,550.0668
31000,346.2637,19.2576,550.6862
32000,761.3423,27.0953,551.2567
33000,-58.4810,24.5062,550.1908
34000,768.7317,34.6450,548.9230
35000,1104.5117,40.0258,552.6458
36000,1147.2219,37.0248,551.4864
37000,1033.5662,37.6207,552.8245
38000,919.5365,30.9049,551.4618
39000,1166.3487,39.0712,551.8116
40000,822.5225,37.5732,552.4351
41000,1325.3558,45.8273,553.9279
42000,1276.2942,46.5681,552.6297
43000,1342.1239,47.0118,553.7688
44000,1329.8465,47.0952,552.6184
45000,1276.4973,46.8647,554.2440
46000,1277.9021,43.9839,551.8156
47000,1270.3775,45.6984,552.3901
48000,1124.0543,38.2668,551.7900
49000,1182.6795,40.1238,552.8810
50000,1198.6439,40.6778,550.8506
51000,123.1865,-6.7306,553.7351
52000,1271.4610,45.0999,553.3204
53000,1293.7020,45.3901,554.3551
54000,1292.7490,48.9037,553.7982
55000,1366.8716,49.1603,554.5834
56000,1424.3614,52.0054,551.7688
57000,1374.4443,49.2340,555.2780
58000,1366.7336,47.9505,553.3529
59000,1212.4829,42.7396,552.0983
60000,1391.7626,50.9391,554.1927
61000,1217.0455,42.4496,553.8471
62000,1316.2209,46.5466,553.0212
63000,1343.8853,48.1247,554.1403
64000,1321.6096,46.2856,553.4541
65000,1399.8870,50.9748,553.6022
66000,1336.9283,48.9483,553.6527
67000,762.2133,24.0096,552.4871
68000,1410.1881,50.5980,552.9313
69000,1334.6677,49.4082,553.5839
70000,1196.9950,43.7220,554.3651
71000,1409.2275,52.8378,554.4942
72000,1276.5697,46.6152,553.7676
73000,1294.7616,49.0004,554.6203
74000,1239.0591,43.3420,552.1255
75000,1359.0617,51.3201,554.1194
76000,1433.6680,53.1955,555.6142
77000,1284.8448,48.2386,554.9645
78000,1453.8190,53.6769,552.5836
79000,1340.8917,48.1726,552.0018
80000,1437.9322,52.5110,552.9646
81000,1232.2260,47.9498,552.5350
82000,800.4938,26.7901,551.9478
83000,1345.7412,51.5961,552.7954
84000,1457.3510,53.1011,553.2413
85000,1398.5748,52.9257,551.6040
86000,1672.9519,63.8821,553.3429
87000,1493.1938,54.9151,552.5698
88000,1374.2499,54.6492,551.4320
89000,1538.3564,60.3128,554.1403
90000,1560.6523,58.4242,553.4815
91000,1596.9321,62.3052,553.0843
92000,1630.1431,62.4067,553.2566
93000,1410.2605,56.3048,553.9327
94000,1683.8671,64.0838,552.9781
95000,1503.4943,57.7027,553.3457
96000,1678.9823,65.7761,555.5038
97000,1428.9528,53.3705,552.8872
98000,1623.6678,62.2256,553.7996
99000,1696.7642,65.6634,555.4181
100000,1864.7632,73.2093,554.9783
101000,1735.9503,67.4105,553.0675
102000,1757.9958,69.0724,555.1719
103000,1775.7088,68.8171,554.8687
104000,1661.2730,64.1281,554.9241
105000,1778.2647,70.1179,554.8431
106000,1680.9645,67.2576,552.7436
107000,1756.3714,68.2720,554.0612
108000,1817.4875,73.7220,553.9119
109000,1701.1001,66.3933,554.4839
110000,1703.0589,64.8466,553.9407
111000,1696.6153,64.6973,553.8560
112000,1793.1445,69.7511,553.4696
113000,1667.8802,64.6651,554.8518
114000,1727.4333,67.6224,554.6250
115000,1851.8276,72.5121,554.4461
116000,1714.0670,66.9380,553.8599
117000,1707.9978,66.4411,554.3698
118000,1641.1223,63.5822,552.3794
119000,1575.6644,59.0062,553.8202
120000,1738.4714,67.8333,551.6486
121000,1694.6121,64.6697,553.2602
122000,1446.0582,54.1764,553.5080
123000,1708.3313,65.1452,553.7149
124000,1772.9486,68.2662,553.9501
125000,1824.4226,71.3456,555.4225
126000,1862.8089,72.8506,555.0237
127000,1745.2526,67.4470,554.1383
128000,1827.4155,72.0558,554.8470
129000,1798.3529,70.0053,554.4057
130000,1461.6312,58.5426,554.0787
131000,666.5805,31.0954,555.2954
132000,1778.3323,69.7458,554.4749
133000,1840.0996,73.9765,553.5328
134000,1827.6870,72.4741,556.2506
135000,1655.6937,67.8602,554.2520
136000,1759.9992,68.7833,554.4179
137000,1772.7070,72.0173,553.9847
138000,1784.9906,70.4995,555.0969
139000,1760.4570,70.6756,553.5594
140000,1782.0698,70.2009,554.1667
141000,1761.0181,68.0294,555.1361
142000,1669.9745,66.6490,555.4177
143000,1827.7201,70.9652,553.2316
144000,1795.7973,70.9248,554.3329
145000,1718.6555,66.7409,555.2897
146000,1807.3720,71.2487,554.2811
147000,1841.5438,72.2443,555.4537
148000,1813.4308,70.7648,555.2347
149000,1801.6385,70.0573,554.4245
150000,1790.0125,69.3739,555.1379
151000,1824.2166,71.1451,555.1361
152000,1833.6002,71.8888,553.6560
153000,1754.7611,68.9548,553.7876
154000,1853.0993,72.3940,554.8509
155000,1809.8607,70.2196,554.4445
156000,1900.7876,74.6493,554.4160
157000,1788.7157,69.6403,554.3620
158000,1788.9828,69.7778,555.2400
159000,1823.7616,71.1567,554.1972
160000,1766.3170,69.4674,555.8142
161000,1815.4907,71.3772,555.5476
162000,1757.9447,69.3184,554.2279
163000,1790.4632,70.3526,555.1706
164000,1789.3215,70.6101,554.6699
165000,1871.5207,74.0747,555.4808
166000,1811.2910,70.3133,554.8340
167000,1855.7814,72.6895,555.2774
168000,1816.5197,70.8658,555.5333
169000,1918.6867,76.2615,554.9896
170000,1855.3001,72.8291,553.9172
171000,1841.9544,72.4913,555.2749
172000,1877.9044,73.9415,555.3463
173000,1818.1307,70.6094,554.6418
174000,1615.9678,60.7620,553.8916
175000,1864.9600,73.0659,553.6703
176000,1832.6941,71.6150,554.1040
177000,1671.0178,67.5185,553.0388
178000,1884.9230,74.2913,554.6540
179000,1831.7183,71.4936,553.8017
180000,1833.3817,71.8217,553.2988
181000,1831.5584,71.8334,554.7227
182000,1828.6142,71.5091,555.4581
183000,1853.6268,73.1875,553.8121
184000,1774.1694,68.8838,555.2481
185000,1813.4564,72.4434,555.2226
186000,1859.3882,72.9123,556.0822
187000,1709.6683,66.3245,555.0959
188000,1832.6910,72.6140,553.7933
189000,1701.0393,64.9534,553.5502
190000,1911.5611,75.2227,554.9075
191000,1838.4646,71.4106,553.6576
192000,1906.5364,75.0589,554.5468
193000,1845.5334,72.0181,554.3704
194000,1779.0158,70.7444,554.1508
195000,1891.0319,73.8382,554.6492
196000,1690.3149,69.4939,554.7973
197000,1916.5329,75.4726,553.0784
198000,1928.5241,76.4653,556.2432
199000,1860.1160,72.7798,555.4736
200000,1800.9283,72.3635,553.5008
201000,1812.0213,72.2238,555.1598
202000,1767.9689,69.2445,554.5575
203000,1901.2556,74.4568,554.9851
204000,1827.4969,71.7641,555.7394
205000,1897.6074,74.3497,553.6271
206000,1905.0639,75.0497,555.6007
207000,1913.2742,75.1524,554.6867
208000,1931.0878,76.1559,555.2818
209000,1884.3215,74.1263,555.6477
210000,1843.6152,71.9781,555.2238
211000,1893.0993,74.2542,553.7535
212000,1732.1023,66.3026,554.8872
213000,1660.8533,62.9825,554.9396
214000,1609.4129,60.3693,553.9100
215000,1753.5342,67.6114,554.9093
216000,1774.9407,68.3740,553.4798
217000,1781.1264,68.7339,554.0898
218000,1665.6774,63.4088,554.6822
219000,1805.5392,69.7525,554.1492
220000,1761.2281,67.6209,554.2284
221000,1649.4795,62.3343,553.9662
222000,1820.4193,70.7507,554.4182
223000,1759.9744,68.5035,553.1637
224000,1824.8967,71.0200,553.8056
225000,1701.4514,67.5075,554.0961
226000,1812.8683,70.4369,555.1911
227000,1768.5275,68.3338,555.1072
228000,1825.0712,70.8031,554.6091
229000,1775.5016,68.4778,555.4655
230000,1848.1670,71.8824,554.9472
231000,1862.7238,73.1635,555.3335
232000,1806.7686,70.1429,555.4084
233000,1825.8586,71.8866,555.3224
234000,1815.4266,71.7153,553.9370
235000,1916.1191,75.6401,554.2479
236000,1505.2146,62.7682,553.0177
237000,1898.6840,75.0627,555.2933
238000,1889.9883,73.9604,554.4264
239000,1926.2602,75.7016,553.8788
240000,1941.4184,76.5112,554.2248
241000,1978.9408,78.2953,554.3235
242000,1925.6047,75.8762,553.7139
243000,1966.4110,77.8680,553.7235
244000,1955.3700,77.7672,553.7919
245000,1818.7116,71.1555,553.0714
246000,1652.9477,66.6775,552.9834
247000,1866.7082,73.8721,554.1773
248000,1961.4038,77.7438,554.8379
249000,1923.3112,76.2208,555.8341
250000,1904.8876,74.9246,553.7312
251000,1920.4993,75.4982,554.9153
252000,1919.1220,75.5552,554.1342
253000,1848.3617,71.8400,553.3774
254000,1915.2709,75.5029,555.5349
255000,1940.3910,76.4213,553.5831
256000,1871.8064,73.0085,553.8727
257000,1954.0782,77.0753,554.0063
258000,1914.7058,75.3772,554.7574
259000,1957.3396,77.3371,555.0555
260000,1935.6715,76.2542,554.7842
261000,1935.1339,76.2556,553.6395
262000,1942.1743,76.6159,552.7274
263000,1911.0627,75.6856,555.9701
264000,1974.7168,78.1970,554.6309
265000,1980.6401,78.6040,556.3197
266000,1976.6558,78.4762,552.9606
267000,385.2920,11.4824,555.8538
268000,1929.2521,75.8568,555.5638
269000,1931.1643,76.3224,555.5341
270000,1972.3021,78.2908,555.2297
271000,1908.9066,74.8101,555.4417
272000,1745.3644,66.6275,554.9863
273000,1979.7832,78.6928,555.1742
274000,1925.0080,75.6621,554.1008
275000,1896.9807,74.6794,554.0808
276000,1990.9965,79.0941,554.5584
277000,1878.5563,74.3245,553.9790
278000,1908.4380,75.1703,554.5627
279000,1882.0006,73.4928,554.1710
280000,1961.3702,77.6984,554.7408
281000,1939.0380,76.3821,554.6226
282000,1889.3181,74.1393,554.8455
283000,1954.6311,77.0935,554.0480
284000,1872.0733,73.4040,554.9962
285000,1999.9061,79.3962,553.5166
286000,1910.9647,75.2819,553.5269
287000,1928.7662,75.8738,553.5351
288000,1912.9434,75.1319,555.0266
289000,1920.4026,75.4477,554.8543
290000,1874.9348,73.4741,553.9546
291000,1924.7593,75.5962,554.4954
292000,1903.3138,75.4170,553.8561
293000,1923.7568,76.1749,554.1480
294000,1744.7200,69.3035,553.0298
295000,1859.1204,73.7445,553.6073
296000,1853.5417,74.3349,555.8402
297000,1911.4249,75.0579,553.7937
298000,1861.2178,72.5292,554.4903
299000,1834.4872,73.8325,554.1831
300000,1944.7291,76.6814,554.6285
301000,1914.7628,76.2045,553.9283
302000,1927.8889,75.8020,554.5129
303000,2006.3132,79.6468,553.9486
304000,1979.1382,78.3973,555.1260
305000,1950.7019,77.1139,552.6733
306000,1962.2061,77.4916,554.4785
307000,1985.9870,79.5229,554.4195
308000,1921.5791,75.5191,553.6223
309000,1260.2808,44.4799,553.4043
310000,1893.5225,74.0267,552.3486
311000,1858.8657,74.3121,553.9311
312000,1977.5069,78.2794,554.4937
313000,1957.2133,77.5716,556.2008
314000,1957.0606,77.3653,554.5707
315000,1922.4982,75.4842,555.2562
316000,1974.9981,78.4308,554.8207
317000,1976.9416,78.2996,555.0200
318000,1960.5142,77.7328,554.3658
319000,1970.4431,78.0513,555.1597
320000,1921.5745,75.6367,554.7080
321000,1958.7049,77.3224,553.4134
322000,1932.0808,76.1705,554.5654
323000,1899.9388,74.8019,553.6753
324000,1898.5176,74.7442,554.3500
325000,1950.9208,77.4479,554.4253
326000,1935.6396,76.8255,555.1042
327000,1901.1270,75.3979,553.3411
328000,1984.4326,78.8842,554.8794
329000,1895.1069,74.6684,556.2894
330000,2001.7371,79.6271,553.9773
331000,1957.2788,77.2625,554.2312
332000,1925.7530,75.7959,555.3838
333000,1911.5938,75.2316,555.6219
334000,1938.5835,76.2739,554.2603
335000,2007.1859,79.7738,556.8514
336000,1969.4615,78.0982,554.6145
337000,1990.2077,78.9417,554.6388
338000,1964.1895,77.7935,555.6343
339000,2028.1840,80.7054,554.0650
340000,1927.9940,76.2882,554.5975
341000,1919.5257,75.3147,552.8462
342000,1922.7537,75.5955,553.6816
343000,1957.4104,77.3094,554.5966
344000,2008.8702,79.9873,555.9185
345000,1922.1951,75.6889,555.2247
346000,1952.5705,77.3305,555.5164
347000,2037.5618,81.3576,554.9047
348000,1975.1452,78.1659,554.9437
349000,1990.0871,79.0727,553.9033
350000,2029.9852,81.1432,555.6382
351000,1970.2606,78.3329,553.8272
352000,1956.7399,77.3403,553.5543
353000,1993.3019,79.0993,554.3216
354000,1948.4766,77.4549,555.6527
355000,1930.2989,76.0936,554.7329
356000,1724.8073,65.7438,553.6167
357000,1769.7499,67.9664,554.0440
358000,1795.6460,69.6272,555.9731
359000,1848.8517,72.0128,553.1612
360000,1883.2686,73.6929,554.6524
361000,1933.3186,76.0558,553.5515
362000,1951.5741,77.1200,555.5772
363000,1899.3734,74.4893,554.4103
364000,1867.8908,72.9449,551.3365
365000,2010.2475,80.1460,553.5446
366000,2025.0378,80.8185,554.8881
367000,1952.2115,77.1180,553.8649
368000,1997.7969,79.4578,554.5490
369000,1986.4524,78.7240,554.9130
370000,2000.7707,79.7331,555.4794
371000,2009.2850,79.7493,554.1203
372000,1973.9356,78.4284,555.2879
373000,1941.9285,76.6693,553.5989
374000,1754.3466,68.9241,554.9640
375000,2028.4469,80.8285,554.0147
376000,1945.1046,76.7940,555.4921
377000,1976.7744,78.4631,556.3845
378000,1929.0561,76.4064,556.0145
379000,1983.0237,78.6568,554.5039
380000,1862.8473,73.0322,554.9220
381000,1883.1408,73.5591,554.6079
382000,1927.0821,76.5592,553.7902
383000,1916.1375,75.2284,554.6349
384000,1946.1431,77.1106,555.8337
385000,1956.0223,77.2190,555.4548
386000,1921.5821,75.5040,555.3896
387000,1981.0221,78.5317,554.9349
388000,1978.5636,78.4499,554.9215
389000,1974.1034,78.2967,555.0250
390000,2006.4257,79.9134,554.4875
391000,2005.2593,79.8487,554.8537
392000,1923.5349,76.0488,556.7020
393000,1975.7129,78.3133,554.0603
394000,1938.9603,76.3607,554.2239
395000,1851.5459,72.5173,556.1013
396000,1899.9663,74.7659,555.6705
397000,1932.4942,76.1443,554.3681
398000,1984.5858,78.7926,554.6411
399000,2044.0736,81.7334,556.0533
400000,1769.6501,70.1954,554.7069
401000,1982.1410,79.2181,553.3002
402000,1830.6301,72.6697,554.4360
403000,2003.5322,79.7058,554.7285
404000,1977.4357,78.3404,554.9534
405000,1964.0324,77.8212,553.7426
406000,2044.7300,81.8692,555.0338
407000,1963.5066,77.6080,554.0480
408000,1984.1775,78.7558,555.5222
409000,1963.6296,77.7632,554.3007
410000,2004.6902,79.6510,554.8243
411000,1988.8478,79.1696,553.4945
412000,1974.7962,78.2562,555.9196
413000,1923.7795,76.3387,554.0853
414000,2070.5830,83.0766,555.1010
415000,1964.3718,77.7838,554.4076
416000,2067.1785,83.0771,555.3668
417000,1894.7417,74.5210,554.2998
418000,2018.6786,80.4473,554.8743
419000,1980.4849,78.6783,554.7192
420000,2009.6774,80.0556,553.5390
421000,1973.7544,78.0062,553.5732
422000,1984.8077,78.6125,553.0773
423000,2028.8342,81.0754,556.7410
424000,2053.6725,82.2961,555.6226
425000,1993.5729,79.1200,554.7401
426000,2029.0673,81.2733,555.4054
427000,2031.7444,80.9810,554.5155
428000,1978.4311,78.3836,555.2225
429000,1786.4698,68.9117,554.6766
430000,1801.3666,69.6407,553.9201
431000,1861.2645,72.6875,554.3173
432000,1956.5731,77.4938,553.8069
433000,2038.7514,81.4397,554.7230
434000,2023.8183,80.8809,557.1761
435000,1912.4660,75.2841,553.8918
436000,1993.9116,79.2753,554.7070
437000,1995.2975,79.1696,554.8131
438000,1938.3677,76.3063,554.6406
439000,1972.7466,78.3333,554.9563
440000,1903.5307,74.9626,555.2553
441000,2019.2431,80.3742,555.2085
442000,2005.5205,80.1376,553.9622
443000,1982.1224,78.7823,556.3833
444000,2008.3958,79.7166,554.4712
445000,1945.7293,76.8338,555.8874
446000,2035.9957,81.1217,553.8122
447000,2069.0828,82.9014,554.6113
448000,2004.5145,79.7399,555.0718
449000,2078.9752,83.5167,554.7218
450000,2003.6784,79.6979,553.7027
451000,1949.6354,77.1796,554.3335
452000,2086.9975,83.9199,554.0803
453000,2021.3562,80.7575,554.4439
454000,2021.1408,80.6928,554.7382
455000,1893.0435,74.1863,554.0656
456000,1902.2199,75.3100,554.7769
457000,2025.8456,80.8167,555.0852
458000,1952.8788,77.7509,555.6073
459000,1844.6376,72.1266,555.3576
460000,2075.5649,83.4185,554.5015
461000,2005.7953,80.0398,555.4327
462000,2006.5664,79.9329,555.1336
463000,2054.4886,82.1896,554.5292
464000,2015.7160,80.4544,555.1728
465000,2015.0961,80.3904,555.2856
466000,1983.7446,78.7720,555.0160
467000,2054.0538,82.0721,553.2699
468000,1953.9627,77.4639,555.2854
469000,2046.2962,81.8073,552.9404
470000,2043.5444,81.5853,554.8986
471000,2032.5102,81.2259,555.3633
472000,2041.3978,81.8838,554.9012
473000,2046.2024,81.7507,554.4582
474000,2095.2595,84.3945,554.6162
475000,2026.0533,80.6585,554.2907
476000,2089.7789,83.9346,554.4471
477000,2040.5614,81.8869,556.0700
478000,1896.2233,76.1764,554.1413
479000,2065.2818,82.8520,554.2215
480000,2150.7543,87.2578,555.8150
481000,2064.8972,82.9881,554.3539
482000,2047.1222,82.0334,554.7665
483000,1781.4327,75.2439,555.0391
484000,2057.2052,82.5324,554.5362
485000,2151.6644,87.3129,555.6885
486000,1991.3848,79.2889,554.5262
487000,2094.6785,84.5154,555.5815
488000,2119.6726,85.6771,553.0351
489000,2112.7589,85.1084,554.1425
490000,2097.2214,84.4808,552.9184
491000,2037.9233,81.6087,555.2382
492000,2069.2102,82.9697,554.8978
493000,2100.6701,84.4253,553.7867
494000,2079.8799,83.4968,555.1930
495000,2117.7165,85.3628,554.4476
496000,2051.1429,82.0527,553.7651
497000,2077.5320,83.7194,555.6714
498000,2157.3717,87.4750,553.8925
499000,2098.2862,84.4139,554.1773
500000,2048.3663,81.9790,554.9788
501000,2036.3407,81.6515,555.0175
502000,1952.9110,77.3011,554.6645
503000,1986.4662,78.9687,555.2841
504000,2042.4594,81.6597,554.6612
505000,2112.9809,85.0963,556.3912
506000,2088.5411,83.8830,553.5967
507000,2061.0514,82.7666,556.0420
508000,2132.4764,86.0198,553.9375
509000,2037.5254,81.4524,555.5907
510000,2154.2865,87.3290,556.4504
511000,2069.5604,83.2016,555.9344
512000,2099.4804,84.6250,553.8870
513000,2044.1399,81.9608,557.3161
514000,2125.1910,86.0031,553.8973
515000,2086.4411,83.9859,554.6678
516000,2124.5862,85.9014,553.5065
517000,1627.8192,60.8164,554.7779
518000,1562.0360,57.6144,556.2491
519000,1923.0583,75.6522,553.3969
520000,1993.0916,79.3068,554.9512
521000,2081.3691,83.7746,555.3019
522000,2142.0222,86.7559,555.8373
523000,2118.1861,85.8134,555.7398
524000,2085.7498,83.7666,553.1466
525000,2122.2167,85.6531,555.4428
526000,2120.6863,85.5485,554.2618
527000,2147.8302,87.1416,555.1057
528000,2137.5278,86.3860,554.6687
529000,2087.1493,83.9294,555.2479
530000,2098.8691,84.4241,554.7406
531000,2029.8804,81.1078,554.1203
532000,2063.3906,83.5834,553.2669
533000,2147.2046,87.0949,555.3013
534000,2086.0147,83.9745,553.5413
535000,2146.1768,86.9839,555.4339
536000,2138.8762,86.4756,554.8892
537000,2066.5154,82.8882,554.9030
538000,2153.1880,87.3787,554.7612
539000,2157.0237,87.4583,553.8939
540000,2169.8351,87.9294,553.2399
541000,2129.3013,85.9985,553.4330
542000,2116.7009,85.5121,555.1157
543000,2086.4597,84.1451,554.4002
544000,2104.2708,84.6297,554.6591
545000,2114.8347,85.2482,553.5645
546000,2128.2647,86.1969,554.2479
547000,2027.5044,81.0832,554.6916
548000,2127.7487,86.2425,555.1740
549000,2069.0293,82.9652,552.7742
550000,2022.9914,80.7498,556.1879
551000,2078.9078,83.4314,555.5661
552000,2072.0176,83.2138,555.3354
553000,2145.7637,86.8636,555.5450
554000,2096.8092,84.3284,555.3540
555000,2151.8356,87.3610,554.6905
556000,2122.4546,85.6591,553.8540
557000,2043.7758,81.7410,554.9331
558000,2110.0208,85.0466,555.7301
559000,2070.9171,83.2995,554.8989
560000,2072.7932,83.2584,554.5301
561000,2040.9303,81.9112,554.7449
562000,2023.5928,80.9496,554.6929
563000,2071.3109,83.6034,555.7495
564000,2044.2635,81.9722,554.0558
565000,1901.1734,74.8631,553.5651
566000,2046.8831,83.0756,555.5945
567000,2152.7006,87.4356,555.7077
568000,2070.0345,83.3430,554.7781
569000,2017.1005,80.8365,554.3809
570000,2157.1247,87.5055,554.4821
571000,2100.0929,84.8742,555.5733
572000,2051.9119,82.5534,554.6724
573000,2112.8105,85.5316,553.5771
574000,2115.3869,85.5307,554.8716
575000,2112.5701,85.5732,556.6845
576000,2022.7024,80.8038,555.4668
577000,2004.5971,80.2935,554.5385
578000,2072.1542,83.1785,554.8444
579000,2142.1558,87.0091,556.4408
580000,2184.7976,88.7878,554.6825
581000,2089.1070,84.2723,555.0787
582000,2106.4743,84.9792,557.9180
583000,2181.8296,88.6872,555.5553
584000,2180.9030,88.6122,554.4080
585000,2073.2363,83.2120,555.1175
586000,2024.1563,80.7315,553.3697
587000,2043.9549,81.8526,554.8595
588000,2124.9268,85.7692,554.6661
589000,2111.9795,85.2637,554.3098
590000,2154.4143,87.4294,555.2214
591000,2021.5429,80.8290,554.4454
592000,1864.8985,72.8712,554.3670
593000,1995.0850,79.4338,553.0250
594000,2027.9379,81.0846,552.7347
595000,2098.6099,84.6331,554.1404
596000,2173.9619,88.3332,554.6557
597000,2076.7360,83.5806,554.4609
598000,2119.8018,85.7231,554.3398
599000,2016.4921,80.4256,554.5911
600000,2041.5972,83.4207,554.6494
601000,2105.0170,84.8016,553.3981
602000,-478.9866,3.4025,555.7743
603000,2172.8679,88.4226,552.1690
604000,2164.9150,87.9808,553.1639
605000,2134.7955,86.3678,554.4254
606000,2048.5891,81.9667,554.1797
607000,2205.1197,89.7637,553.9670
608000,2138.0953,86.4675,554.9845
609000,2090.3531,84.2978,554.2540
610000,2033.8390,81.6216,554.5943
611000,2103.9923,85.1203,555.6223
612000,2137.3508,86.6612,555.3707
613000,2055.5821,82.4354,555.3688
614000,2199.4191,89.6783,556.1741
615000,2149.5316,87.0380,554.3370
616000,2087.5891,84.1845,555.1025
617000,2096.7741,84.4869,554.7037
618000,2078.2354,83.6164,555.3507
619000,2153.8495,87.4375,555.0939
620000,2185.5478,88.8100,553.8433
621000,2149.2279,87.0662,553.6104
622000,2167.3217,88.0294,554.8681
623000,2122.2825,85.7513,555.2212
624000,2155.5707,87.6200,555.2602
625000,2137.3856,86.7368,555.0133
626000,2183.6132,88.9644,554.6766
627000,2157.4591,87.5794,555.8587
628000,2091.6205,84.3220,555.2624
629000,2099.7965,84.4191,554.6453
630000,2155.7600,87.5216,554.7977
631000,2154.7155,87.2497,554.4868
632000,2156.4255,87.4501,556.4833
633000,2149.7068,87.4797,555.9909
634000,2147.8851,86.8999,555.9375
635000,1973.9078,78.9941,553.9763
636000,2126.0485,85.8985,555.5806
637000,2158.5255,87.2726,554.9739
638000,2148.2989,86.8835,554.2235
639000,2148.8297,87.1979,555.2033
640000,2011.9651,80.5472,555.6524
641000,2175.3791,88.3845,553.5378
642000,2154.5040,87.5260,555.6882
643000,2159.0737,87.7041,554.4688
644000,2139.3076,86.7480,554.3080
645000,2064.8638,83.1283,556.0051
646000,2116.4091,85.5197,555.1002
647000,2076.3364,83.9809,554.9712
648000,2055.3429,82.3321,554.2900
649000,2118.2833,85.6218,552.8262
650000,2130.2234,86.3339,554.6638
651000,2150.1559,87.1606,554.2271
652000,2093.1706,84.4658,555.5591
653000,2126.2418,86.2018,554.7293
654000,2085.7316,84.1003,554.1896
655000,2075.1449,83.8429,555.8034
656000,2120.4447,85.7146,554.3146
657000,693.6130,17.7866,554.5556
658000,2009.4164,80.2194,554.5174
659000,2070.1355,84.3410,555.7808
660000,2076.5172,84.0731,553.9457
661000,2197.5128,89.9310,555.0100
662000,2181.5598,88.8816,553.8006
663000,2107.8324,85.1752,555.4615
664000,1963.4898,78.6500,554.8805
665000,2056.4672,82.5230,554.2834
666000,2115.4622,85.8245,554.0626
667000,2080.7178,83.7794,554.9369
668000,2090.8063,84.3636,554.0962
669000,2123.4744,86.0241,554.3716
670000,2148.8579,87.3664,555.0730
671000,1783.8652,68.7415,555.2233
672000,1725.1340,66.0709,554.9602
673000,1862.6565,72.9756,554.6198
674000,2058.7036,82.7211,555.4421
675000,2172.7581,88.3194,554.2249
676000,2126.1805,86.2965,554.6603
677000,2048.4783,82.1420,555.6650
678000,2112.2117,85.3960,555.1748
679000,2090.4856,84.7577,555.3215
680000,2163.2958,87.7818,555.4711
681000,2146.5876,86.9628,553.4309
682000,2117.6615,85.5749,554.4557
683000,2089.3159,84.0107,553.7313
684000,2156.5386,87.6307,557.5452
685000,2108.8391,85.4057,555.3168
686000,2154.4019,87.3756,554.3573
687000,2014.1475,80.6653,556.0825
688000,2064.4298,82.9308,555.8425
689000,1983.5116,79.2118,554.6927
690000,1984.0557,78.7639,554.2195
691000,1934.5320,76.5915,554.8062
692000,2094.1914,84.2971,554.4427
693000,2152.0203,87.0458,554.7645
694000,2072.5428,83.4241,554.7386
695000,2158.6819,87.6174,553.7473
696000,2100.2303,84.7682,554.7027
697000,2125.2611,85.9129,555.5831
698000,2143.7075,86.9470,554.6054
699000,2134.4922,86.6070,554.2256
700000,2105.2424,84.9376,553.7974
701000,2218.3123,90.6238,554.7542
702000,2194.0442,89.4431,555.9017
703000,2175.6386,88.5095,554.2728
704000,2099.6065,84.6471,554.4139
705000,2160.7544,87.7349,554.7394
706000,2191.7076,89.3818,554.3129
707000,2148.8622,87.1744,555.3210
708000,2146.8849,87.3369,555.7106
709000,2119.1031,85.6639,553.7502
710000,2084.3600,84.1216,554.0405
711000,2074.1645,83.4380,554.5115
712000,2162.3920,87.6559,555.3228
713000,2070.0160,83.2342,552.6329
714000,2182.3828,89.0273,554.8923
715000,2059.1182,83.3732,554.0400
716000,2144.9364,87.1367,555.1622
717000,2185.1959,88.9231,554.7898
718000,2121.2466,85.8360,555.6148
719000,2181.8402,88.9593,554.7634
720000,2070.7222,83.6633,555.0680
721000,2199.5900,89.8670,556.0735
722000,2149.8169,87.1782,553.9850
723000,2211.5453,90.2965,555.5874
724000,2177.8541,88.6962,555.3734
725000,2195.0848,89.3889,555.3473
726000,2091.1428,84.0810,554.9017
727000,2089.1641,84.2754,554.6220
728000,2159.4417,87.8209,554.3304
729000,2113.7218,85.5065,555.0161
730000,2118.1843,85.9025,555.2660
731000,2197.1487,89.6348,556.3823
732000,2165.8082,88.0617,556.1566
733000,2152.6379,87.6682,554.7481
734000,2105.7977,85.1831,554.5994
735000,2059.0383,82.7750,555.6020
736000,2144.4961,86.9705,555.3303
737000,2048.7420,82.1014,554.7093
738000,2107.8738,86.7958,554.0016
739000,2156.4823,87.5726,555.2268
740000,2150.6338,87.1747,554.8051
741000,2194.8014,89.3827,553.9768
742000,2175.2303,88.4040,554.0139
743000,2132.0931,86.2520,555.6924
744000,2138.4716,86.7501,554.5690
745000,2123.1385,85.9908,554.9266
746000,2163.6972,87.8171,554.4743
747000,2140.0323,86.6933,554.5234
748000,2191.5085,89.3516,555.1786
749000,2120.0069,85.7451,553.8539
750000,2119.5315,86.3036,554.7117
751000,2200.5187,89.5925,554.5692
752000,2179.4396,88.7174,554.1236
753000,2173.5391,88.2970,554.8573
754000,2118.8424,85.8080,552.8867
755000,2181.4868,88.7490,554.3021
756000,2144.7483,87.4835,554.4753
757000,2168.1061,88.3032,555.7643
758000,1988.0058,81.0271,553.6705
759000,2115.3242,85.3099,553.5729
760000,2104.4283,84.7925,554.3853
761000,2036.6378,81.4203,553.7303
762000,2107.0158,85.1187,554.3896
763000,2135.8993,86.3389,554.8544
764000,2127.7432,85.9738,553.9097
765000,2203.7189,89.9358,554.8813
766000,2246.2352,91.9824,555.3536
767000,2206.6664,89.8392,554.0413
768000,2183.8868,88.8731,555.4036
769000,2127.0414,85.9376,555.3376
770000,2082.8548,84.0169,554.1044
771000,2202.0560,89.4529,554.7052
772000,2108.1419,85.0433,555.1450
773000,2165.3773,88.0327,555.0574
774000,2167.1736,88.0900,554.2217
775000,2163.9831,87.7830,554.9367
776000,2079.5729,83.8580,555.8365
777000,2163.1645,87.6436,555.3190
778000,2130.3640,86.2758,554.9845
779000,2240.2725,91.4896,554.0775
780000,2108.5980,85.3662,556.0562
781000,2160.7802,87.7022,555.2654
782000,2179.2112,88.5418,554.0133
783000,2152.4484,87.5329,556.0745
784000,2105.9000,85.2996,554.5142
785000,2169.3808,87.8831,553.5906
786000,2172.2924,88.6539,556.3779
787000,2146.2524,87.0247,553.4657
788000,2166.1745,87.7624,553.8862
789000,2148.9036,87.3284,554.8293
790000,2141.0480,86.6474,554.9927
791000,2125.8381,85.8991,554.6013
792000,2170.5557,88.3434,554.7007
793000,2206.0915,90.1949,555.9444
794000,2249.5408,92.1976,555.2441
795000,2206.2052,90.0161,556.4233
796000,2115.8379,85.6278,554.4434
797000,2165.1241,87.8608,552.9830
798000,2135.2329,87.4804,555.1367
799000,2169.2743,88.9181,554.2213
800000,2061.1385,85.7220,555.5121
801000,1953.8617,80.5238,555.5933
802000,2069.4595,84.5786,555.0679
803000,2115.1150,85.6375,554.6622
804000,2204.7863,90.0848,555.1174
805000,2129.5320,85.9845,554.1412
806000,2176.1526,88.3336,553.8030
807000,2146.2752,87.0540,555.5527
808000,2197.5326,89.4665,553.3731
809000,2182.9327,88.6784,554.4580
810000,2158.6566,87.4695,554.4076
811000,1922.3768,75.9116,554.5656
812000,1915.8509,75.5229,556.8907
813000,2069.4108,83.2602,555.6735
814000,2133.2698,86.6116,554.4779
815000,2147.7942,86.8872,554.4652
816000,2119.7357,85.7904,554.3529
817000,2049.1213,82.2652,556.0950
818000,2137.2912,87.0299,553.6035
819000,2155.6294,87.3978,553.6108
820000,2198.1138,89.5385,554.5046
821000,2190.8533,89.1838,554.6807
822000,2157.8186,87.5078,553.1057
823000,2135.5463,86.5024,555.0462
824000,2114.1869,85.2091,554.7291
825000,2157.4863,87.5726,554.8415
826000,2225.5917,90.6836,553.5080
827000,2214.6337,90.3260,555.8137
828000,2096.9962,84.5688,554.3035
829000,2177.9359,88.5031,554.6074
830000,2139.3766,86.5863,554.4076
831000,2209.8335,90.0149,555.4281
832000,2266.6773,92.8066,554.1718
833000,2141.2125,86.4048,555.2412
834000,2135.1870,86.4697,554.3850
835000,2178.7282,88.4713,555.4523
836000,2007.2900,80.4871,554.0714
837000,2219.1008,90.4702,555.0763
838000,2119.5487,85.6351,554.4498
839000,2090.5137,84.2715,555.2912
840000,2138.0335,86.5339,553.9302
841000,2159.4888,87.7369,555.3537
842000,2102.5000,84.7205,553.7573
843000,2112.6059,85.2562,553.6300
844000,2103.3213,84.9145,555.9805
845000,2202.6977,89.8916,556.2494
846000,2194.5166,89.2394,554.0260
847000,2113.3822,85.2424,554.5304
848000,2210.6134,90.1883,554.8297
849000,2165.7801,88.0551,555.2789
850000,2179.4725,89.2552,554.9248
851000,2127.1150,86.0225,555.0303
852000,2151.2822,87.0703,555.1120
853000,2193.7818,89.4654,554.8446
854000,2056.0591,82.3880,553.6718
855000,2089.5199,84.2432,555.4601
856000,2043.4048,81.9582,555.3434
857000,388.9415,8.1080,555.5297
858000,2108.0014,85.2933,556.3501
859000,2182.2252,88.8725,554.4141
860000,2190.6715,89.3040,554.5332
861000,2110.3889,85.2967,554.1290
862000,2073.8962,83.3153,554.1063
863000,2073.3045,83.4673,554.4443
864000,2089.3601,84.0908,554.7130
865000,2033.2267,82.2440,554.8787
866000,2087.8844,84.3696,556.0821
867000,2088.8376,84.2884,555.5900
868000,2201.3313,89.6077,554.1470
869000,2174.0424,88.2951,554.3868
870000,2085.7844,85.0786,555.1878
871000,2129.9337,86.5003,555.0925
872000,2166.1864,87.9726,554.7085
873000,2068.5452,83.3839,554.8029
874000,2152.4289,87.2835,555.5487
875000,2123.4556,86.1496,555.2375
876000,2199.0215,89.6288,554.7825
877000,2125.2006,86.0113,554.3403
878000,2119.2813,85.7555,554.8272
879000,2144.5361,87.0205,554.7323
880000,2069.3363,83.0175,552.8025
881000,2185.5083,89.1352,555.0848
882000,2130.4930,86.1380,555.1352
883000,2165.7863,87.9085,554.4846
884000,2135.3836,86.6180,557.1674
885000,2178.8553,88.5046,554.8911
886000,2193.7823,89.4036,554.7570
887000,2178.3767,88.8792,555.6011
888000,2140.3984,86.5444,553.4533
889000,2070.5737,83.0678,554.4980
890000,2162.6763,87.7218,553.5801
891000,2131.8935,86.1642,556.3931
892000,2154.2500,87.4262,555.0781
893000,2139.3317,86.6485,555.4978
894000,2247.3174,91.8040,553.9616
895000,2189.7985,89.1731,554.3520
896000,2151.3922,87.3356,556.2956
897000,2130.6493,86.2561,555.4914
898000,2119.9408,85.8681,555.1589
899000,2118.2195,85.7052,555.3690
900000,2145.0810,86.9071,554.2917
901000,2141.2324,87.1078,556.7756
902000,2215.9223,90.3915,554.0475
903000,2181.3302,88.8063,555.7126
904000,2121.6828,85.7844,555.3559
905000,2198.2727,89.4541,553.9876
906000,2211.7361,90.2811,554.3926
907000,2085.5091,84.3396,555.7651
908000,2162.9266,87.7584,554.5546
909000,1828.2813,71.4982,553.3443
910000,2061.7562,83.1256,554.5751
911000,2122.6937,85.7471,554.7437
912000,2106.6455,85.2462,554.9600
913000,2101.7778,84.8521,555.8065
914000,2193.2374,89.4712,555.9875
915000,2216.8966,90.5580,555.7023
916000,2153.2264,87.2925,554.6537
917000,2097.8826,84.5389,554.1639
918000,2101.6904,84.8729,554.7142
919000,2047.3676,82.0940,554.2744
920000,2104.7209,85.0342,553.9461
921000,2127.0653,85.9016,554.3386
922000,2078.3618,83.5319,554.6214
923000,2106.7958,85.1648,556.0962
924000,2190.4469,89.0117,553.0722
925000,2169.4448,87.9526,555.0567
926000,2047.5350,82.2280,555.0274
927000,2162.4538,87.7842,554.6100
928000,2136.1226,86.4668,553.8517
929000,2137.5148,86.4547,554.8374
930000,2120.0610,85.6603,554.5855
931000,2173.6085,88.1637,554.8350
932000,2178.5665,88.6053,556.4203
933000,2168.6867,88.0424,555.8781
934000,2085.1813,83.9889,553.7772
935000,2131.6358,86.3261,555.7014
936000,2157.5973,87.6385,554.3325
937000,2187.7292,89.4430,554.1683
938000,1990.2348,79.6378,555.1731
939000,2147.0165,87.0027,555.3821
940000,2186.7263,88.9341,554.3365
941000,2247.7005,92.0706,554.1397
942000,2218.8299,90.4780,556.0046
943000,2120.2147,85.6999,554.7505
944000,2174.7777,88.3622,555.2558
945000,2215.3565,90.4006,553.4686
946000,2080.2075,83.9894,555.5508
947000,2175.9443,88.2207,554.0097
948000,2075.0144,83.5928,554.6397
949000,2135.8787,86.5658,555.4714
950000,2171.3255,88.1730,554.1721
951000,2106.6278,84.9634,553.9975
952000,2177.4802,88.4243,554.9495
953000,2144.1939,86.9803,555.3012
954000,1949.5076,81.1326,556.4880
955000,1960.5626,81.0245,556.1980
956000,2156.5162,87.6798,554.5188
957000,1882.9459,78.8092,554.2581
958000,2107.9432,85.2448,554.1903
959000,2177.2929,88.6997,554.4079
960000,2197.9681,89.4087,554.8186
961000,2170.5130,88.4003,555.5833
962000,2122.8119,86.4739,555.7565
963000,2053.7551,85.1616,554.9895
964000,2095.9791,84.6379,554.8405
965000,2143.0722,86.8406,554.5866
966000,2205.1637,89.8632,555.3269
967000,2099.7804,84.7522,553.2714
968000,2002.6224,80.0627,554.5756
969000,1743.3442,72.1984,556.3370
970000,2104.7113,85.5958,556.0591
971000,2109.9106,86.5672,554.4785
972000,1647.0750,69.0108,553.6865
973000,2105.7445,85.2738,554.4542
974000,2148.8859,87.2703,555.4900
975000,2153.9827,87.4778,554.2672
976000,2051.6395,82.5524,554.8614
977000,2076.8306,84.1494,556.1419
978000,2132.4690,86.6502,553.8436
979000,2125.0101,86.0186,554.7635
980000,2132.5623,86.5220,554.3038
981000,2176.5955,88.8020,554.5026
982000,2136.9537,86.5560,555.0532
983000,2136.2696,86.4170,554.7157
984000,2121.4034,86.0104,554.8848
985000,2065.5526,83.4714,555.5453
986000,2213.0588,90.6849,555.1546
987000,2109.1637,85.2016,554.2954
988000,2140.7305,86.6649,554.9421
989000,2042.3203,81.9605,556.4582
990000,2107.6054,85.1221,553.8161
991000,2187.7423,88.9478,554.2213
992000,2175.0037,88.6012,554.7311
993000,2157.7606,87.5821,554.9959
994000,1963.6158,78.1571,555.6603
995000,2105.9466,85.4189,555.2584
996000,2120.7713,86.1587,555.6451
997000,2098.2239,84.6372,553.9850
998000,2160.0621,87.7264,553.8059
999000,2201.7536,90.0364,555.9833
1000000,2059.8173,82.6628,554.5270
