timestep,reward,distance,control_cost
1000,-451.0043,2.0887,490.8766
2000,-441.7133,4.0061,523.4296
3000,-66.2233,22.8286,520.9805
4000,160.3006,34.7641,534.8507
5000,-365.1477,8.3842,531.7620
6000,238.9148,38.8928,538.9772
7000,211.4621,37.0184,529.2458
8000,253.3600,39.5428,536.0371
9000,133.7263,33.2868,530.1443
10000,-61.5998,23.5063,530.3799
11000,-71.5783,23.0174,531.9300
12000,159.2632,34.8574,537.9712
13000,331.1615,43.6559,541.8088
14000,318.9633,42.8636,540.1510
15000,140.3872,33.8457,537.1565
16000,208.3101,37.3123,536.8492
17000,280.0158,41.1026,540.7800
18000,291.0150,41.5163,537.8142
19000,242.8246,39.0694,538.2736
20000,138.4159,33.9423,539.2166
21000,-9.1967,26.5545,538.5525
22000,-95.4211,22.2060,538.0370
23000,234.3277,38.6905,540.3469
24000,134.6209,33.8360,541.2354
25000,-184.9785,17.8107,541.2509
26000,-50.6487,24.4266,538.9336
27000,-531.4377,0.8452,549.9059
28000,253.3053,39.7143,540.7601
29000,305.8474,42.5123,542.6928
30000,-68.6647,23.7369,542.0676
31000,393.4019,46.8065,542.0942
32000,194.9740,36.9985,543.7444
33000,353.0637,45.1603,548.3934
34000,114.5408,33.0266,544.1604
35000,272.0804,40.9688,546.5750
36000,492.0445,51.8822,547.0153
37000,-464.6698,4.2144,550.4450
38000,420.0933,48.2924,547.4436
39000,340.3400,44.5413,548.7029
40000,-321.2230,11.3200,548.8235
41000,476.1168,51.2419,547.3401
42000,-346.1989,10.1442,550.8024
43000,-386.1722,8.0837,549.3752
44000,489.2357,51.9197,547.5242
45000,105.6701,32.6933,549.3828
46000,885.4196,71.6765,546.9568
47000,-300.5552,12.3907,548.7986
48000,320.6392,43.5754,549.3027
49000,-502.0052,2.5107,552.8951
50000,97.6421,32.1567,547.3739
51000,378.9115,46.3510,547.6569
52000,877.3443,71.3622,549.2804
53000,424.8275,48.6662,548.4156
54000,-89.3860,22.8243,547.0433
55000,-130.6675,20.9144,549.5792
56000,-84.2890,23.3712,549.7702
57000,-365.7024,9.3728,551.7749
58000,-79.1047,23.6399,550.3222
59000,-238.1687,15.5776,550.8507
60000,-48.2461,25.1093,551.4757
61000,-338.9283,10.8342,553.6220
62000,-625.1976,-3.5071,553.1480
63000,-338.5231,10.6384,552.2957
64000,-500.8248,2.6416,552.4241
65000,-247.9476,15.1515,551.4128
66000,-459.5505,4.7050,551.8502
67000,-242.1069,15.5494,551.3188
68000,-291.8427,13.0306,552.3887
69000,-322.9511,11.3599,550.0522
70000,-418.9680,6.6489,551.3198
71000,-457.6714,4.6550,552.6848
72000,-505.5749,2.3387,552.3504
73000,-145.2312,20.3934,551.3573
74000,-212.6718,17.0520,552.2824
75000,-281.3457,13.5405,553.5555
76000,-522.4008,1.5882,552.7712
77000,-84.7046,23.3517,553.2106
78000,-246.7750,15.3398,552.6337
79000,-322.0938,11.5123,552.6966
80000,-159.6553,19.6534,552.3806
81000,-73.3284,23.8939,551.2621
82000,-380.9336,8.3892,550.6822
83000,55.6067,30.3832,552.5004
84000,-6.4968,27.2054,552.2641
85000,-22.0976,26.5932,552.3600
86000,-131.9848,20.8744,550.5939
87000,71.5492,31.2881,552.6771
88000,1278.5372,91.5037,550.9052
89000,246.6487,39.8847,551.7532
90000,-40.8595,25.6612,552.7811
91000,1155.3224,85.3421,551.9576
92000,103.0882,32.8247,553.3971
93000,31.7042,29.2252,553.0289
94000,812.8042,68.1079,550.9425
95000,528.6855,54.1886,553.6971
96000,92.8841,32.1854,550.5853
97000,-96.5649,22.8480,553.3637
98000,204.8558,37.9812,553.4573
99000,1372.2643,96.3147,552.3961
100000,624.0138,58.9204,553.7831
101000,1393.0889,97.3703,553.4095
102000,104.6072,32.8174,553.6414
103000,476.3306,51.4539,551.2607
104000,1268.5824,91.0437,552.3184
105000,1949.6913,125.1698,553.1490
106000,390.3635,47.0716,550.1402
107000,255.2606,40.2901,550.9672
108000,35.3737,29.4144,553.2629
109000,370.6329,46.1258,552.6512
110000,191.0965,37.1689,552.3084
111000,404.1627,47.8015,552.8248
112000,1140.5120,84.7167,552.2839
113000,519.4130,53.4588,551.1938
114000,1737.6818,114.3982,552.1162
115000,817.1810,68.3856,551.5620
116000,610.7247,58.1793,553.2620
117000,686.8157,61.9906,552.9254
118000,181.3999,36.7990,553.8567
119000,525.0991,53.8302,553.2249
120000,859.1553,70.6993,553.0061
121000,1207.2918,88.1296,553.8660
122000,634.0771,59.3030,551.6591
123000,518.3054,53.6071,552.2356
124000,1161.2467,85.8553,554.7679
125000,829.6328,69.1623,554.1750
126000,2378.1721,146.6578,554.3216
127000,614.9781,58.4177,552.9697
128000,980.3294,76.5978,553.2253
129000,898.0589,72.6704,554.8150
130000,1287.3906,91.9119,551.5052
131000,1939.3196,124.6272,553.0107
132000,2201.8620,137.7549,553.3434
133000,683.1886,61.6912,552.5412
134000,2483.1565,151.9297,554.7244
135000,2532.4796,154.3672,554.0298
136000,2251.5947,140.2271,552.3045
137000,1082.4266,81.8858,553.7595
138000,2362.1473,145.7406,554.0043
139000,2445.3427,150.0548,553.8621
140000,1108.0778,83.1127,553.6158
141000,1938.4862,124.7030,554.4070
142000,1475.0076,101.3767,553.8168
143000,2744.6832,164.9799,554.3823
144000,354.1954,45.2584,551.6255
145000,1745.8096,114.9675,553.4440
146000,425.2859,48.9055,551.3370
147000,379.9774,46.5781,553.1247
148000,996.8175,77.4328,552.7085
149000,2679.5788,161.6031,554.2492
150000,1868.5065,121.1925,553.4698
151000,218.8842,38.5716,551.6653
152000,1508.9090,103.0732,553.2326
153000,1002.6539,77.8405,553.6967
154000,2858.7551,170.7872,555.0477
155000,1479.6680,101.7339,554.3311
156000,856.4760,70.5250,553.4894
157000,255.5409,40.3509,552.2179
158000,3500.9865,202.6560,553.9977
159000,2500.0382,152.8981,556.0264
160000,1799.9619,117.7324,553.5557
161000,991.1457,77.0983,552.8071
162000,3257.3538,190.4433,553.1778
163000,2673.9003,161.3034,553.5484
164000,2896.1906,172.5083,555.1999
165000,2927.5031,174.1393,556.0107
166000,1241.5838,89.7618,555.3386
167000,2779.6096,166.6405,554.7370
168000,2873.8230,171.4474,554.9168
169000,3567.2910,206.1250,555.0735
170000,3838.3967,219.5379,554.0080
171000,1951.4056,125.3945,554.9167
172000,2981.0228,176.8406,555.5854
173000,3041.5390,179.8345,553.9173
174000,1624.1709,108.9044,554.3835
175000,3927.9171,224.0622,553.8795
176000,3322.5905,193.9728,555.2821
177000,3703.5999,212.7759,552.9416
178000,3488.5689,202.1209,554.0294
179000,3374.3436,196.5032,554.6017
180000,3600.0256,207.7591,554.7391
181000,3165.7766,186.1308,554.8723
182000,3963.5126,226.0329,555.4136
183000,4106.0262,232.9414,554.7715
184000,4281.6773,241.7405,554.4487
185000,4251.1791,240.2595,554.6293
186000,3897.1633,222.6310,554.7262
187000,3807.7839,218.0796,552.1160
188000,4399.0985,247.5872,554.5237
189000,3591.5614,207.1129,552.2515
190000,4350.6295,245.3430,554.5319
191000,3826.7849,219.0705,553.5094
192000,4562.0838,255.8595,555.5624
193000,4679.1122,261.7510,555.3405
194000,4269.2462,241.1354,554.0223
195000,4644.3424,259.9803,554.3255
196000,4420.4632,248.9069,555.7083
197000,4390.6498,247.2924,554.0942
198000,4456.2502,250.4247,553.9038
199000,4139.2321,234.6037,554.4160
200000,4205.3555,238.0161,554.5163
201000,4064.1907,230.8995,553.1258
202000,4474.3391,251.5547,555.7105
203000,4970.6721,276.3366,555.3402
204000,4690.9819,262.2580,555.7167
205000,4741.1151,264.8894,554.9914
206000,4799.1002,267.7417,555.1851
207000,4910.5398,273.2621,554.3440
208000,4855.5417,270.5037,554.3253
209000,5029.6125,279.2418,554.5618
210000,5180.8020,286.6837,554.8471
211000,4948.5563,275.1896,554.1864
212000,5042.7902,279.8363,553.3901
213000,5213.8954,288.5107,555.1515
214000,5233.6703,289.4949,555.1318
215000,5192.0380,287.2770,553.7851
216000,4994.4154,277.4257,554.3893
217000,5177.7901,286.5833,555.7428
218000,5029.7062,279.1594,554.8087
219000,4868.2477,271.2337,556.1764
220000,5458.2197,300.6827,553.6217
221000,4971.7518,276.3379,555.4062
222000,5344.9071,294.8756,554.3302
223000,5235.5183,289.4057,554.5065
224000,5041.2532,279.7463,555.6113
225000,5309.9406,293.2893,554.9502
226000,5287.8964,292.0738,554.2270
227000,5443.3122,299.8472,553.7367
228000,5283.6031,291.9332,555.6652
229000,5459.6697,300.5720,553.6996
230000,5504.1804,302.9099,555.3939
231000,4561.8688,255.7034,553.7402
232000,4829.3402,269.2671,554.7869
233000,4912.4132,273.3628,554.3863
234000,5651.9382,310.3306,554.9673
235000,5626.1807,308.9928,555.4879
236000,5418.7870,298.6990,555.6624
237000,4865.4955,271.0052,555.3457
238000,5450.8165,300.4326,556.0328
239000,5145.8687,285.0209,555.0299
240000,5482.8024,301.8864,554.1615
241000,5617.3996,308.5508,554.1597
242000,5426.5748,299.0104,554.3777
243000,5638.0675,309.6485,554.6940
244000,5616.3059,308.4877,552.7429
245000,5536.2226,304.4704,553.0984
246000,5466.4980,300.9744,554.6020
247000,5355.5835,295.4332,553.1953
248000,5761.1623,315.7716,555.5547
249000,5673.5147,311.4431,556.3367
250000,5710.6127,313.3350,554.6599
251000,5635.3546,309.5408,554.3519
252000,5662.9524,310.8881,553.4252
253000,5229.8010,289.2520,554.0599
254000,5542.6075,304.9403,555.6592
255000,5784.1453,316.9711,554.5933
256000,5635.9184,309.5447,555.1994
257000,5571.8398,306.3387,553.8635
258000,5534.7651,304.3999,554.4569
259000,5539.9041,304.7889,554.1676
260000,5316.1063,293.5497,555.1242
261000,5609.6060,308.1758,555.5038
262000,6174.1978,336.4577,555.1434
263000,5559.0666,305.6481,554.9185
264000,5791.7964,317.2815,555.1136
265000,5305.2599,293.1911,557.4960
266000,4542.7516,254.9462,555.2476
267000,5854.6997,320.5456,555.0538
268000,1242.3041,89.9022,556.3029
269000,5521.3889,303.8766,555.8936
270000,2512.9033,153.4535,554.4681
271000,5746.2235,315.0977,554.7255
272000,5677.4684,311.6769,555.5110
273000,5641.5158,309.7689,554.8945
274000,5851.2821,320.2970,553.8563
275000,5574.1040,306.3593,554.3338
276000,5489.5250,302.1482,554.2873
277000,5895.2630,322.4421,555.3002
278000,5521.8266,303.7962,555.2551
279000,5476.4905,301.6155,554.7360
280000,6216.1199,338.4593,553.4762
281000,5893.9336,322.4447,555.0971
282000,5680.8458,311.7292,554.8617
283000,5765.6460,316.0365,555.3708
284000,5859.5959,320.7472,554.1669
285000,5897.7926,322.6535,555.9492
286000,5853.7539,320.3566,553.4969
287000,5920.1442,323.7917,554.4464
288000,5832.1398,319.4043,554.5987
289000,5710.7665,313.2827,553.9431
290000,5871.6345,321.2614,555.0218
291000,5776.7461,316.5280,554.5267
292000,6051.6006,330.3163,556.5579
293000,5810.5702,318.2690,555.5232
294000,5975.7392,326.4351,553.2479
295000,6038.9443,329.7862,554.9573
296000,5735.4957,314.5785,555.4948
297000,5766.9977,316.0778,555.0967
298000,5752.0146,315.3259,555.3418
299000,5041.3076,279.9219,555.5897
300000,5769.9376,316.1017,553.8978
301000,5607.6532,308.1602,554.1472
302000,5426.1902,299.0828,555.0560
303000,5786.3318,317.0410,555.9155
304000,5732.5715,314.5275,556.0140
305000,5564.8083,306.0501,554.8278
306000,6027.0818,329.2213,555.4444
307000,5683.1513,311.9191,554.9184
308000,5809.6633,318.3425,555.2879
309000,6337.3579,344.6274,554.9436
310000,5882.0663,321.7884,555.6220
311000,5631.5737,309.2652,554.9114
312000,5833.6151,319.3464,553.5983
313000,5728.4261,314.2329,554.4398
314000,5842.1106,319.8988,556.8097
315000,6028.3627,329.1372,556.3639
316000,5646.8553,310.0173,555.2925
317000,6194.2884,337.5133,554.9627
318000,5620.5382,308.7551,555.1734
319000,6075.1456,331.4254,554.7911
320000,5981.6172,326.7648,555.2471
321000,5731.6831,314.2033,554.3012
322000,6107.7860,333.0742,555.1836
323000,6103.2115,332.9489,554.7786
324000,5906.3508,323.1404,556.0846
325000,6220.0060,338.6969,553.5974
326000,6086.4311,332.0287,555.4577
327000,5994.7166,327.4342,553.4461
328000,5885.6566,322.0605,556.3953
329000,6044.2420,330.0351,554.8247
330000,5709.5132,313.1554,554.7401
331000,5973.3237,326.3600,554.4985
332000,6107.6634,333.2502,555.5031
333000,5944.8768,324.9986,555.8709
334000,6118.2086,333.7353,555.3979
335000,6177.7931,336.6076,554.1149
336000,6174.7769,336.4250,554.1206
337000,5633.0628,309.4630,555.5776
338000,5870.6963,321.3698,554.7309
339000,6052.0090,330.3630,554.8718
340000,5917.7702,323.6256,554.2501
341000,6109.4053,333.1913,554.2450
342000,5453.9499,300.6045,556.7315
343000,6056.1313,330.6213,556.2489
344000,5947.5324,325.2307,555.5369
345000,6146.6204,335.0276,555.8538
346000,5700.6739,312.6302,553.4946
347000,5961.6686,325.9471,555.3523
348000,6290.3464,342.3082,555.5389
349000,5709.2436,313.1569,554.1457
350000,5959.7311,325.7318,555.5509
351000,5784.1109,316.9962,554.8909
352000,6116.5519,333.4766,554.7953
353000,5948.1072,325.1479,553.8285
354000,6029.9573,329.1017,553.7112
355000,5753.2617,315.4039,554.0987
356000,5692.0373,312.3611,553.4236
357000,5468.0812,301.0556,554.3971
358000,5949.2455,325.3039,555.8295
359000,5960.6494,325.7058,554.4563
360000,5681.6965,311.8599,555.5327
361000,5761.1862,315.8378,553.5818
362000,5708.5541,313.1312,555.3374
363000,5876.2121,321.5250,554.7914
364000,6027.3009,329.2378,555.9889
365000,5857.3370,320.6335,555.0823
366000,6095.8294,332.4932,554.9099
367000,6128.1142,334.2392,556.0759
368000,6145.4196,335.0490,555.8992
369000,5930.0287,324.2858,555.2707
370000,6084.6201,331.9280,555.1102
371000,5594.0309,307.4184,554.5612
372000,5869.7737,321.2247,554.6354
373000,5888.9012,322.1470,555.6029
374000,5827.6071,319.1967,554.7906
375000,6328.7700,344.2073,554.0621
376000,4011.3510,228.3370,555.2441
377000,6257.6465,340.4959,553.6059
378000,6030.0617,329.2818,554.7712
379000,5403.7607,297.9247,554.6810
380000,5886.5186,322.1879,555.8294
381000,6033.4674,329.3733,555.4800
382000,6060.3456,330.7962,554.2276
383000,6351.9064,345.4016,555.4354
384000,5965.6818,326.1286,555.0263
385000,6386.5571,347.0414,554.0461
386000,6245.3617,339.9448,554.6072
387000,5864.3385,320.9814,554.4549
388000,5913.7079,323.4390,555.9149
389000,5951.2956,325.3402,554.4540
390000,6078.2938,331.6859,555.5422
391000,6283.9277,341.9556,554.8564
392000,5898.8983,322.7164,554.5931
393000,6239.7054,339.6159,554.1971
394000,5869.2482,321.1948,555.8101
395000,5730.4596,314.3047,555.2322
396000,6203.8154,338.0237,554.8211
397000,5762.2295,315.8375,554.0124
398000,5821.1149,318.8166,555.5108
399000,5722.0701,313.8264,554.8233
400000,5993.0067,327.4315,555.0970
401000,6083.3120,331.9284,556.1136
402000,6122.4540,333.8666,554.8416
403000,2530.0146,154.3927,556.0126
404000,6104.9925,332.9874,554.9602
405000,5770.6714,316.3569,554.8280
406000,6512.8008,353.3785,556.2373
407000,6355.8847,345.6232,555.6776
408000,5954.2408,325.4730,554.7767
409000,5619.5473,308.7688,556.4209
410000,5925.7065,324.1217,554.9705
411000,6090.4011,332.3646,555.7669
412000,5592.6911,307.3740,555.0957
413000,5366.8559,296.1115,554.6252
414000,6285.3993,341.9088,553.8840
415000,5947.8602,325.1189,554.0367
416000,6250.5691,340.3309,554.1758
417000,6248.3490,340.0423,553.8098
418000,5864.8014,321.0040,555.7245
419000,5881.9300,321.8839,555.6535
420000,6243.6928,339.9756,555.3929
421000,6161.0028,335.7836,553.1030
422000,6175.3767,336.4026,554.2285
423000,6051.3446,330.1185,552.9402
424000,6248.3960,340.1344,554.4468
425000,6002.9316,327.9290,555.2533
426000,1073.8591,81.5104,555.8452
427000,6184.5994,337.0375,556.0925
428000,5477.3571,301.5650,554.1300
429000,6048.1300,330.2452,554.9450
430000,5934.4237,324.4115,554.7758
431000,6048.5308,330.2668,556.2696
432000,6163.8783,335.9640,554.8601
433000,6156.1990,335.5986,554.8992
434000,6190.4694,337.2505,555.2431
435000,6545.3748,354.9753,556.0437
436000,5911.0084,323.2284,554.7959
437000,6209.7155,338.2552,555.6212
438000,6215.7856,338.5467,554.4032
439000,6176.4174,336.6080,555.9973
440000,6276.5438,341.5747,553.5110
441000,5996.5210,327.5013,554.3472
442000,6172.1028,336.3877,555.5595
443000,6066.1419,331.0637,553.8685
444000,6106.8595,333.1663,555.7391
445000,6019.2814,328.5717,553.5389
446000,5986.8606,327.0730,554.5674
447000,6012.8741,328.3876,555.2106
448000,6274.4223,341.4090,555.2630
449000,5271.3288,291.3511,554.1420
450000,6069.6765,331.2488,554.2841
451000,6277.1512,341.6761,554.4673
452000,6220.2818,338.7814,553.7645
453000,6098.2182,332.7766,555.7302
454000,6036.7044,329.5388,555.2711
455000,6296.5973,342.5231,554.9783
456000,6242.6665,339.9553,556.3792
457000,6029.9202,329.2479,554.2113
458000,6358.6896,345.7870,555.8410
459000,6123.5805,333.9764,555.0676
460000,5806.9799,318.0349,553.1990
461000,4332.7137,244.3372,555.4567
462000,6037.4772,329.7119,554.8738
463000,6145.3828,334.9634,555.5997
464000,6112.1007,333.3692,553.7504
465000,6328.0173,344.1146,555.1709
466000,5958.9988,325.7207,553.9924
467000,6069.3219,331.1924,555.6161
468000,6335.6330,344.6377,555.7688
469000,6283.9021,341.9125,555.7358
470000,6155.0645,335.6929,556.9018
471000,3032.2798,179.4136,554.3938
472000,5614.1923,308.4752,557.1825
473000,5723.6172,313.9364,554.6208
474000,6101.4431,332.8659,555.7480
475000,6010.8427,328.1839,554.4084
476000,6218.2027,338.7106,556.1420
477000,3293.6905,192.3926,555.1737
478000,6293.7161,342.4557,553.8721
479000,3166.0493,186.0622,554.2398
480000,6281.0805,341.7945,554.6086
481000,6413.0686,348.2462,553.8467
482000,6215.9248,338.5118,555.0407
483000,6168.9804,336.1613,554.1074
484000,6178.5338,336.6691,553.6432
485000,5791.3957,317.2192,554.9101
486000,6077.2608,331.5677,554.9285
487000,6153.5520,335.4294,553.8485
488000,6006.7446,328.1379,554.4268
489000,6524.9745,354.0185,555.9345
490000,5932.6283,324.3442,553.4417
491000,6122.6614,333.9739,556.0116
492000,6110.2784,333.3095,554.3309
493000,5873.2536,321.3827,556.3288
494000,6162.5352,335.8006,555.2319
495000,6503.7807,352.9378,555.4329
496000,5805.2468,318.0372,554.9708
497000,6301.8854,342.8039,554.3724
498000,5696.9439,312.5062,555.1506
499000,6136.3054,334.5029,555.7229
500000,6066.4194,331.1562,555.0012
501000,5880.4476,321.8747,555.3943
502000,6033.1514,329.4692,554.8627
503000,6535.5032,354.6221,555.5014
504000,6447.0732,349.9763,554.1196
505000,6272.0171,341.3100,554.6861
506000,6137.9456,334.6192,554.9847
507000,6034.7755,329.5319,554.9240
508000,6300.1243,342.6715,555.2796
509000,5961.4476,325.8306,555.9064
510000,6313.6250,343.4307,554.1067
511000,5827.7042,319.1647,554.3435
512000,6285.9790,341.9946,554.2439
513000,5986.6748,327.1898,555.8286
514000,6483.1160,352.0078,555.4482
515000,6526.8356,354.0351,555.7194
516000,6463.3705,350.9133,554.7914
517000,5677.6952,311.5941,554.0975
518000,6185.2946,337.0419,555.1876
519000,6157.2951,335.5561,555.6194
520000,6226.7584,339.0584,555.0096
521000,6131.6843,334.2824,555.8737
522000,6396.8077,347.5115,554.7720
523000,5937.8439,324.6314,556.1825
524000,6577.9902,356.5565,553.5646
525000,6252.2059,340.4718,555.3847
526000,5932.5762,324.2745,554.9076
527000,6262.7177,340.9091,555.2636
528000,6208.4389,338.3011,555.7464
529000,6081.0846,331.7726,554.6520
530000,6069.8488,331.2190,553.7043
531000,6285.6686,342.1175,554.7505
532000,6242.1231,339.8219,554.4493
533000,5927.4534,324.0705,555.2308
534000,6142.0599,334.8467,554.5012
535000,2819.9251,168.8046,555.6874
536000,6463.7707,351.0241,555.6597
537000,6047.7342,330.1519,555.2275
538000,6482.6852,351.8917,554.9726
539000,6290.8570,342.3075,555.8513
540000,6065.9639,331.0319,554.4422
541000,6440.5360,349.8488,555.1013
542000,6414.1554,348.5459,555.6419
543000,6489.0197,352.1470,555.3399
544000,6555.8045,355.6209,555.1230
545000,6247.9732,340.1299,553.0827
546000,6565.0256,356.0680,554.8320
547000,5388.8159,297.1888,554.6919
548000,6394.9234,347.4829,555.2386
549000,6170.9157,336.3167,555.7316
550000,6439.5089,349.8443,555.6245
551000,6229.0884,339.2356,554.5954
552000,5786.6819,316.9462,552.3455
553000,6290.4739,342.4060,556.0474
554000,6427.2956,349.1536,555.0935
555000,6314.7313,343.5179,555.2081
556000,6088.2789,332.2438,555.0214
557000,6456.4441,350.5891,556.2018
558000,2221.2789,138.9151,556.6095
559000,6181.6833,336.6850,553.1012
560000,6191.7668,337.3637,554.0246
561000,6378.6252,346.6846,554.0815
562000,6112.4650,333.2497,553.9184
563000,6301.3212,342.8621,556.4086
564000,5635.9834,309.4479,554.1720
565000,6486.0610,351.9597,553.9886
566000,5978.2443,326.6847,555.4188
567000,6101.2101,332.7948,554.7653
568000,5972.6341,326.3890,555.4059
569000,5726.3901,313.9989,553.1175
570000,5901.7936,322.8744,555.3120
571000,4171.4495,236.3879,555.9728
572000,6129.9028,334.2899,555.0781
573000,6107.7265,333.1597,554.4827
574000,6165.8448,336.1454,556.1174
575000,6162.8748,335.8360,555.6245
576000,6393.1973,347.3412,553.7290
577000,6267.9267,341.0738,555.3132
578000,6374.7014,346.4499,555.9278
579000,6558.8269,355.6576,554.1048
580000,6111.3953,333.3886,555.7584
581000,6281.7082,341.9243,555.3857
582000,6013.5128,328.3434,555.2227
583000,6566.2068,356.0649,555.8449
584000,6273.3679,341.3118,553.5258
585000,5788.1517,317.0892,554.5447
586000,6301.5970,342.7721,554.4766
587000,6340.3718,344.7157,555.4137
588000,6489.3074,352.3266,555.5714
589000,6576.0674,356.4875,554.0070
590000,6460.0670,350.7714,555.5706
591000,6432.7550,349.5760,556.8591
592000,5741.1203,314.7711,554.1859
593000,6487.0480,352.0932,553.3389
594000,6403.2590,347.7761,554.0301
595000,6603.9743,357.9660,555.4078
596000,4532.1717,254.3708,555.5380
597000,6289.5068,342.2272,555.4991
598000,6336.6524,344.4825,554.7020
599000,5739.8126,314.6855,555.5219
600000,6191.1064,337.4426,556.1490
601000,5991.3769,327.3045,553.6612
602000,6059.6761,330.8285,556.2155
603000,6045.4246,329.9380,554.6006
604000,998.6199,77.5812,554.3714
605000,6536.7427,354.5970,556.2137
606000,6655.9976,360.6422,555.8821
607000,5297.0742,292.5579,554.4421
608000,6619.1868,358.6759,554.3795
609000,6397.0745,347.5642,555.5787
610000,6523.2920,353.8141,554.6657
611000,6035.9062,329.5051,556.0474
612000,6231.0392,339.3179,556.0874
613000,6511.2453,353.3798,554.4138
614000,-102.1882,22.7104,554.4847
615000,6549.4248,355.1599,554.2621
616000,6389.6613,347.2269,555.6621
617000,6452.9055,350.3545,555.2424
618000,6517.4852,353.6300,556.4152
619000,6373.8405,346.4093,555.7989
620000,5531.3080,304.3337,556.2531
621000,6382.2490,346.8880,556.1749
622000,6231.0552,339.3605,554.3357
623000,6395.4657,347.5320,553.6821
624000,6242.8366,339.9500,554.6204
625000,6138.5364,334.7785,556.3200
626000,6012.7619,328.4190,554.3311
627000,6058.9089,330.7102,554.2159
628000,6439.0632,349.7048,554.7095
629000,5671.1145,311.2820,555.7236
630000,6431.8721,349.3777,555.2618
631000,6209.1788,338.1315,554.7542
632000,5712.4980,313.3231,554.0201
633000,6731.5557,364.2190,554.3015
634000,6150.0111,335.4454,556.9974
635000,4971.2936,276.3490,555.6459
636000,6639.5612,359.7350,555.2779
637000,4916.0200,273.5885,554.0427
638000,5996.1787,327.5018,553.9687
639000,6395.0326,347.5391,555.1768
640000,6804.5937,367.9476,554.6489
641000,6598.4073,357.6773,554.7970
642000,6429.8583,349.3009,555.7862
643000,6865.9355,371.1300,555.5337
644000,6203.8590,337.9318,554.1263
645000,6072.9455,331.4709,554.5015
646000,2965.8571,176.0189,556.3741
647000,6923.6382,373.9236,554.0359
648000,6234.4386,339.4601,554.4326
649000,6350.6955,345.2717,554.2995
650000,6315.1899,343.5420,554.8318
651000,6353.0390,345.3704,555.4948
652000,6523.2783,353.8709,555.4861
653000,6107.4380,333.2012,555.3698
654000,5958.1233,325.6750,555.0990
655000,5969.1438,326.1672,555.1909
656000,6707.3714,363.1547,554.1381
657000,6575.3126,356.5300,554.7297
658000,6328.0936,344.2420,555.2446
659000,6487.8544,352.1067,555.2103
660000,6116.8829,333.5378,553.7188
661000,6430.6441,349.3315,554.6235
662000,6634.1938,359.4211,556.1889
663000,5733.6038,314.4315,555.1419
664000,6823.6314,368.9293,554.3443
665000,6508.1392,353.1596,554.6848
666000,6217.7003,338.5454,554.3831
667000,6238.4000,339.6487,556.1390
668000,6201.7673,337.8154,555.8053
669000,6513.6299,353.4674,555.4482
670000,6464.5479,350.9488,555.2973
671000,6436.1413,349.6234,555.0456
672000,6177.9195,336.7100,554.3158
673000,6037.3528,329.6015,552.7062
674000,6265.8170,340.9899,555.3212
675000,6470.7042,351.1587,554.4620
676000,6217.0711,338.4656,552.7654
677000,6080.4831,331.8233,555.3931
678000,6487.5711,352.1015,554.1263
679000,6187.3924,337.0992,555.9654
680000,5662.2570,310.8901,555.5695
681000,6164.9830,336.0587,555.6509
682000,6388.6345,347.1659,555.2293
683000,6036.6542,329.5624,555.5806
684000,6030.3509,329.2928,555.5922
685000,6419.5771,348.6875,555.6479
686000,6651.9019,360.4649,556.3085
687000,6246.3106,339.9359,553.6379
688000,5979.7075,326.7103,555.8164
689000,6640.3594,359.7625,555.6147
690000,6191.4553,337.3817,554.8142
691000,6570.6611,356.2269,554.8753
692000,5373.8175,296.4598,555.1086
693000,5709.5081,313.2514,555.8855
694000,6519.5558,353.8274,555.3983
695000,6054.3432,330.4304,554.0538
696000,6407.6151,348.1440,555.1216
697000,6361.2010,345.8042,554.6459
698000,6148.0806,335.1664,553.8119
699000,6351.0201,345.3580,554.7253
700000,5873.4555,321.2628,553.7899
701000,6660.9001,360.8149,555.7335
702000,6550.4403,355.2572,555.1131
703000,6222.9198,338.8320,554.9520
704000,6305.8824,343.1174,555.1483
705000,6229.4905,339.1368,554.8842
706000,5673.2470,311.3222,554.7848
707000,6046.5755,330.0421,554.8707
708000,2831.6634,169.3919,556.0876
709000,6611.1353,358.3025,554.4694
710000,6314.4754,343.4454,555.0777
711000,6112.5806,333.4658,554.7800
712000,6719.9154,363.6897,555.7912
713000,6309.8428,343.2724,554.4139
714000,6372.0506,346.2431,554.7046
715000,6395.7012,347.4034,554.3040
716000,6108.5379,333.1893,555.0159
717000,6447.8133,350.1600,554.0340
718000,6544.0762,354.9347,556.2651
719000,6295.7539,342.7373,557.6103
720000,6406.0792,348.0109,554.9560
721000,6487.8412,352.1134,554.0790
722000,6287.7131,342.1338,555.2586
723000,684.6099,61.9484,554.8419
724000,6528.1449,354.2001,554.2648
725000,6007.1863,328.1585,556.2493
726000,6714.6834,363.5563,554.6096
727000,6285.3003,342.0863,555.5878
728000,6915.8904,373.5891,555.2897
729000,6510.5591,353.2286,554.4687
730000,6560.0242,355.7923,555.2795
731000,6193.9168,337.4084,555.4547
732000,6347.9604,345.1540,554.2079
733000,6403.2166,347.9558,554.8480
734000,6123.8070,333.8576,554.1115
735000,6369.2546,346.1626,554.5901
736000,1904.7806,123.0602,555.7031
737000,6406.2861,348.0776,556.3946
738000,5616.3197,308.5058,555.5642
739000,6425.0623,349.1425,556.4384
740000,6588.0366,357.1323,555.8496
741000,6755.3826,365.4365,554.8751
742000,6643.3915,359.9803,555.0875
743000,6288.3489,342.1351,556.1086
744000,2978.4552,176.5850,553.6352
745000,6665.2642,361.0418,555.2548
746000,6466.8298,351.1041,554.5991
747000,6640.5126,359.7817,554.3062
748000,6623.2851,358.8464,555.0559
749000,6483.1557,351.8831,554.5488
750000,6121.8672,333.8632,555.8434
751000,6621.3396,358.7072,554.6966
752000,6815.9171,368.4518,554.7315
753000,6207.6212,338.1967,555.0764
754000,6537.3651,354.5582,554.6787
755000,6472.8503,351.3319,555.5679
756000,6319.5014,343.7379,555.3432
757000,4289.2260,242.3099,554.9995
758000,6175.9491,336.4797,555.0382
759000,6356.6384,345.6151,555.3420
760000,6447.7583,350.1546,555.0137
761000,2873.4960,171.4317,556.0085
762000,6500.8063,352.8092,553.8583
763000,6566.8177,356.0816,554.9886
764000,6329.2311,344.1217,554.8153
765000,6389.1357,347.1582,554.7103
766000,6462.1629,350.8760,556.1717
767000,6440.0140,349.7458,555.6101
768000,6635.7181,359.5997,555.8862
769000,6808.1263,368.1902,554.0933
770000,6296.5234,342.5120,554.6010
771000,5949.2520,325.1870,553.9035
772000,6316.5973,343.6042,555.0827
773000,6394.9787,347.5661,556.0097
774000,6384.0954,346.8985,555.1592
775000,6239.3700,339.8110,555.2481
776000,6595.1124,357.5277,554.7627
777000,6516.3483,353.6145,554.5118
778000,6746.1227,365.0675,553.7757
779000,6113.7601,333.3565,554.6450
780000,6522.4925,353.8994,555.1096
781000,6331.0898,344.3316,554.4412
782000,6350.1378,345.3255,555.0468
783000,6414.0560,348.3936,555.0739
784000,6295.1177,342.4229,554.5409
785000,6962.3492,375.8594,554.5995
786000,6704.0223,362.9521,553.5645
787000,6251.7079,340.2835,554.6983
788000,6654.6876,360.4780,556.3569
789000,6331.0715,344.3306,554.8081
790000,6483.2121,351.9528,554.2773
791000,6513.7259,353.5523,556.3192
792000,6710.2505,363.4068,556.4918
793000,3851.1322,220.3602,555.5093
794000,6677.8563,361.6467,554.7585
795000,2590.2493,157.1948,555.5902
796000,6652.2949,360.5316,557.1924
797000,6306.5420,342.9988,555.1480
798000,6855.8521,370.5849,555.2949
799000,6578.2064,356.6270,553.6700
800000,5670.7952,311.2011,555.0722
801000,6385.1852,347.1307,556.7091
802000,6116.4951,333.5559,554.3771
803000,1319.5986,93.7725,555.0826
804000,6123.7054,333.9657,554.7746
805000,5988.6800,327.2003,556.0194
806000,6761.8714,365.7010,553.9136
807000,6183.4133,336.8674,554.4318
808000,6012.2027,328.3368,555.3915
809000,6356.9562,345.6100,555.5467
810000,6302.7631,342.8106,553.8647
811000,6225.2792,339.0269,555.1665
812000,6307.8290,343.2032,555.3831
813000,2821.6811,168.9307,554.9681
814000,5666.2525,311.0458,555.1118
815000,6602.8179,357.8736,553.6416
816000,6794.5043,367.5779,555.4432
817000,6594.1301,357.4697,554.5783
818000,6825.9100,369.1895,556.2893
819000,6258.8817,340.7264,556.0405
820000,6718.2958,363.7158,554.0588
821000,6572.2882,356.3836,557.0897
822000,6320.8505,343.8319,554.6747
823000,6293.3848,342.3991,555.0727
824000,6673.1339,361.4385,555.3325
825000,6695.5474,362.6449,555.7890
826000,6797.4445,367.5574,555.3771
827000,6329.1466,344.3232,555.8747
828000,7241.3517,389.7760,555.8835
829000,6609.6050,358.1549,555.3669
830000,6810.0690,368.2173,553.7533
831000,826.3600,69.1785,555.7310
832000,6598.1515,357.6726,554.9827
833000,6076.0281,331.5736,555.6318
834000,5859.4223,320.8008,555.2100
835000,2407.1423,148.2442,555.8508
836000,6364.3054,346.0325,554.9205
837000,6546.3361,355.1511,555.4162
838000,6301.7776,342.8088,555.0452
839000,848.2131,70.2338,555.4486
840000,6349.1189,345.1488,554.5129
841000,6463.0452,350.9606,555.8635
842000,6443.4164,349.9018,554.3566
843000,5966.3198,326.0651,555.5459
844000,6246.2984,340.0737,555.6078
845000,6171.0044,336.3341,555.9325
846000,6423.7281,348.9082,553.9979
847000,6171.4623,336.3194,556.0573
848000,6051.3156,330.3355,554.6970
849000,6776.9738,366.6259,555.7219
850000,6596.1548,357.5733,554.6273
851000,6098.4824,332.6588,553.3397
852000,6175.2188,336.4201,554.2882
853000,6545.4089,355.0440,555.6123
854000,6264.3335,340.9955,555.5000
855000,5881.6285,321.8915,555.8134
856000,5971.5889,326.3254,556.1123
857000,6497.2098,352.6286,554.5543
858000,6260.7697,340.8468,554.9140
859000,6436.0953,349.6358,556.0537
860000,6544.8661,355.0113,554.6491
861000,6221.9333,338.9302,555.0584
862000,6448.0065,350.1615,556.2403
863000,6726.3899,364.0604,555.4693
864000,6288.5634,342.2299,555.5419
865000,1267.0278,91.0565,555.7782
866000,6428.3644,349.1812,554.8558
867000,6294.9814,342.5288,554.5419
868000,4383.4102,247.0243,556.1381
869000,1431.3536,99.2384,554.8561
870000,6327.5273,344.0403,554.6450
871000,6386.1754,347.0960,554.4110
872000,6130.2163,334.1668,554.6571
873000,6537.6887,354.6429,555.2508
874000,6783.9193,366.9352,555.2719
875000,6210.9503,338.2525,555.5594
876000,5910.9326,323.4186,555.8927
877000,6469.4735,351.3459,555.6342
878000,6443.1806,349.8558,554.4923
879000,5919.1755,323.8024,555.7905
880000,601.4123,57.8037,554.7472
881000,5588.4086,307.1539,554.8996
882000,6792.3269,367.2532,554.3981
883000,6803.9918,368.0661,556.5356
884000,5964.4543,325.8508,554.2866
885000,6439.8029,349.6953,555.7646
886000,6529.4622,354.2453,555.5862
887000,6302.1284,342.7928,555.3285
888000,6574.8607,356.6111,555.4041
889000,6416.6492,348.6034,554.6468
890000,6746.9775,365.0211,555.1886
891000,6115.7489,333.5082,555.9641
892000,5794.0646,317.5517,554.9878
893000,6665.8222,361.0520,554.9251
894000,6404.1458,348.0108,555.0524
895000,6756.9831,365.6505,554.8070
896000,6657.0118,360.6971,555.4841
897000,7079.7599,381.8820,556.4376
898000,6334.9194,344.5318,553.9297
899000,6720.2820,363.8122,555.0473
900000,6677.0094,361.5436,555.4507
901000,6086.5684,331.9246,553.8428
902000,1510.9385,103.3099,553.4102
903000,6390.1737,347.2153,554.8011
904000,6414.7923,348.4220,554.0234
905000,5833.8469,319.4576,555.0539
906000,6349.3771,345.2475,555.4604
907000,6428.4253,349.2607,555.6426
908000,6083.4825,332.0278,555.1462
909000,5843.5189,319.8834,555.3779
910000,6254.7818,340.3834,554.0180
911000,6319.5062,343.8118,556.4694
912000,6266.5765,341.0048,553.1663
913000,6359.3402,345.6430,554.2155
914000,5845.2896,319.9131,554.8818
915000,6318.6421,343.6776,554.3466
916000,6076.7966,331.5104,554.6047
917000,6285.2016,342.1001,555.6698
918000,6797.7824,367.6153,554.4729
919000,6286.3101,342.1518,555.9784
920000,5933.7494,324.4721,554.2781
921000,6444.9163,350.0432,555.4370
922000,6512.2927,353.4023,556.7420
923000,6238.0293,339.6873,556.1235
924000,6139.8351,334.9125,556.5528
925000,5915.3441,323.6434,555.9498
926000,6130.4714,334.1998,554.7304
927000,6438.2604,349.6097,555.3460
928000,6462.1094,350.8081,555.7414
929000,6627.8391,359.1427,554.6476
930000,6445.3295,349.9795,555.2744
931000,6429.3264,349.3390,556.2864
932000,6615.1369,358.4849,553.1311
933000,6227.0165,339.1398,555.6294
934000,6357.5664,345.6076,554.8233
935000,6537.1269,354.5042,554.9000
936000,6272.4886,341.3852,556.0187
937000,6555.3622,355.4271,554.6477
938000,6602.1782,357.9327,555.0764
939000,5912.4086,323.4848,556.0954
940000,6630.3540,359.2398,556.3483
941000,6770.6329,366.2945,554.8947
942000,6676.3494,361.5904,554.4237
943000,6409.3149,348.1258,554.9120
944000,6594.6221,357.3700,554.5127
945000,6118.2787,333.7904,555.8700
946000,6556.7411,355.5155,554.4705
947000,6148.6994,335.2700,556.8018
948000,6082.8219,331.8380,555.5045
949000,6634.3928,359.4282,555.7289
950000,6868.6951,371.2669,556.7574
951000,6326.0577,344.1570,556.1420
952000,6361.5876,345.7772,555.4607
953000,6548.4576,355.2121,555.2964
954000,6600.3625,357.8017,554.9299
955000,6624.4470,358.8717,553.6814
956000,6444.1174,349.9287,555.2510
957000,6763.1540,365.9781,555.0535
958000,6703.8699,362.9640,555.0409
959000,6565.7335,355.9890,555.8292
960000,6825.3610,368.9687,553.9097
961000,6526.2060,354.0602,555.2856
962000,6298.4855,342.6665,554.3133
963000,6422.6610,348.7799,553.9138
964000,6405.0970,347.9381,555.5156
965000,6958.0402,375.5932,555.1681
966000,6618.1464,358.6461,555.0772
967000,6515.7061,353.6131,555.0455
968000,6829.8241,369.1974,554.0408
969000,6445.6772,350.0915,554.4316
970000,6537.6194,354.5619,554.7175
971000,6835.4861,369.6102,555.3179
972000,6426.6685,349.1343,554.9693
973000,6807.3709,368.2293,555.5498
974000,6644.6975,359.9212,554.9600
975000,6230.7144,339.2923,554.1037
976000,6716.9844,363.7082,555.5245
977000,5979.7313,326.6700,555.1075
978000,6299.4431,342.8376,555.3965
979000,6028.0236,329.1869,554.7011
980000,5552.4593,305.3020,553.0265
981000,5837.8285,319.5512,555.0724
982000,6578.2343,356.7493,555.0696
983000,5979.9614,326.8242,555.6669
984000,7031.1467,379.2185,554.9517
985000,6479.6167,351.6974,555.0456
986000,6592.2766,357.4393,555.8681
987000,6762.7699,365.8640,554.2738
988000,7087.4047,382.2866,557.7338
989000,6210.7017,338.3261,555.6152
990000,6462.0412,350.9024,554.9130
991000,5940.3014,324.6306,553.9578
992000,4800.8018,267.8051,554.8795
993000,6482.9505,351.8363,555.1873
994000,6295.6594,342.5109,554.7571
995000,6481.1037,351.7739,555.0767
996000,6159.4381,335.7188,553.9603
997000,6646.5385,360.0790,555.7156
998000,6483.1732,352.0171,555.8320
999000,6533.9744,354.4309,554.2002
1000000,6516.1594,353.5792,554.9312
