timestep,reward,distance,control_cost
1000,29.9764,-1.3917,470.3575
2000,-53.5902,-0.7598,551.0710
3000,-108.5568,-0.5323,549.1586
4000,1.6133,-0.0478,555.1945
5000,9.0658,0.2636,554.9322
6000,-42.3617,0.4732,553.7194
7000,184.4941,0.3244,550.9616
8000,-157.7625,-3.8206,547.7922
9000,-117.8453,-0.8705,549.6403
10000,-157.0811,1.8028,547.6599
11000,-24.0667,2.1107,552.7523
12000,-74.5599,1.8901,548.6921
13000,-157.1822,3.7174,551.1233
14000,-76.7261,6.2116,547.3560
15000,153.9674,16.8685,544.3581
16000,756.7479,47.6108,550.2658
17000,498.9448,19.4739,553.4268
18000,-223.8209,-16.4946,551.0773
19000,-115.9523,-6.4444,550.2312
20000,306.1029,19.8824,550.9722
21000,289.5384,12.2582,550.2647
22000,194.3334,3.9007,547.9915
23000,699.4481,37.1300,549.3247
24000,235.1671,1.1302,555.0098
25000,140.9081,8.3468,545.7173
26000,82.7293,-1.2919,547.2137
27000,-73.9897,-8.2403,548.4908
28000,592.7996,31.6280,548.0391
29000,-54.6141,-8.4055,548.3720
30000,64.0150,-4.5342,548.8341
31000,196.8833,13.4371,546.1970
32000,536.3653,35.9845,545.3255
33000,5.5555,-4.6717,547.7283
34000,812.5375,49.9758,548.3566
35000,393.8913,16.9520,551.7656
36000,353.6096,21.5763,548.3256
37000,418.0894,16.5367,548.8707
38000,107.9729,-0.3632,547.9557
39000,183.5098,3.9869,548.9380
40000,359.0529,17.8851,550.2684
41000,164.8717,2.8595,549.8703
42000,89.5387,-0.0988,548.5234
43000,869.0816,52.5627,548.8279
44000,563.3696,28.8113,550.0754
45000,726.3936,44.5604,550.6933
46000,416.9828,18.2153,549.5598
47000,151.9200,1.5953,549.9221
48000,760.1230,41.2370,549.4161
49000,559.8975,26.1798,548.7135
50000,981.7979,55.2917,550.3593
51000,1036.0047,58.1940,549.6011
52000,1182.4135,68.6539,550.3984
53000,1187.1243,61.9121,551.3841
54000,552.5560,29.1821,551.3497
55000,434.8841,18.3548,549.1445
56000,713.7116,35.1484,552.2900
57000,629.8520,33.9404,550.6901
58000,340.5511,15.7886,551.5033
59000,976.3166,57.7509,552.4109
60000,1357.8804,76.6711,552.1631
61000,1487.8183,83.4411,550.5219
62000,981.5715,54.5193,552.2980
63000,858.6697,44.1914,551.1510
64000,1318.1524,69.9061,552.1343
65000,350.1841,11.2981,553.2407
66000,491.4528,16.9083,553.4533
67000,400.5191,15.8750,550.7338
68000,31.9259,4.6388,554.4440
69000,999.1873,51.9874,551.5330
70000,516.5873,22.6519,553.0589
71000,2026.1416,111.3411,552.9442
72000,384.8578,24.8244,553.6689
73000,1813.2540,99.4736,551.4533
74000,1294.2624,69.4839,551.4605
75000,1058.6524,55.1314,551.6759
76000,1655.1711,86.8287,552.5637
77000,81.5726,9.0402,553.4542
78000,286.1627,29.6880,553.9916
79000,1673.8620,93.3209,552.0366
80000,339.7390,12.5039,553.5462
81000,431.3428,22.2991,549.4257
82000,786.3627,40.5999,552.9801
83000,1423.9621,76.6078,552.6448
84000,1090.4767,59.9114,550.3108
85000,2269.2936,122.7058,553.1444
86000,2022.9610,109.7719,551.3502
87000,1457.1338,84.0401,552.3678
88000,1860.9457,103.3607,551.1820
89000,1725.0093,95.4990,551.6471
90000,1161.5068,61.8033,551.8710
91000,2004.9005,110.4859,552.4048
92000,2086.1999,114.3095,552.1612
93000,2362.2757,126.7910,550.6625
94000,496.9443,20.2364,554.4284
95000,2130.8194,116.3165,552.5926
96000,2377.9542,128.0397,551.1628
97000,2749.8334,147.2529,553.7430
98000,2497.8730,134.3604,554.8149
99000,2513.4332,134.0521,550.9724
100000,2200.1274,119.4316,551.4676
101000,1933.1697,107.0100,550.6891
102000,2285.5523,123.8920,550.8382
103000,2402.7897,129.7124,554.5092
104000,2192.2611,117.4479,551.6110
105000,2277.2973,124.1419,551.8088
106000,2575.2334,137.8767,552.7221
107000,2326.1739,126.9496,552.9009
108000,2901.9927,154.9998,551.8156
109000,2582.8150,139.2559,551.2575
110000,2731.4567,145.5223,551.4460
111000,847.5749,43.1106,551.4228
112000,2901.0861,154.6566,552.1920
113000,2358.9794,126.3157,553.6438
114000,2790.9730,148.9137,551.2623
115000,2628.5545,140.4608,551.6494
116000,1409.1735,74.0475,552.7228
117000,2480.8869,133.3804,552.9794
118000,1092.8247,58.1863,551.4284
119000,2467.3118,133.3693,550.1895
120000,2995.8614,159.4564,552.3444
121000,2818.6517,150.6644,553.1102
122000,2630.0688,141.6197,553.4779
123000,1497.3715,81.1545,553.2473
124000,2793.4937,149.3800,551.9803
125000,2661.5893,142.2210,554.3287
126000,3406.2308,179.8379,554.5237
127000,2789.1081,148.6707,553.8202
128000,3008.4030,159.9012,551.3589
129000,668.8496,34.2790,552.9439
130000,2558.0857,137.9032,552.4309
131000,2581.6330,138.2548,553.1133
132000,2430.9012,130.3609,551.2487
133000,2605.6097,140.5625,552.5707
134000,2342.5459,126.5994,552.3081
135000,3009.2193,159.2485,552.6368
136000,2292.8486,124.8742,554.3683
137000,2420.7387,129.3912,552.0752
138000,2898.3035,154.5522,554.1455
139000,2365.3484,126.7636,552.9468
140000,2765.8013,147.9908,553.0445
141000,2732.2617,146.9047,553.3975
142000,3126.2784,166.5129,551.8715
143000,2877.8650,153.5307,552.3276
144000,3460.5143,182.1666,554.4427
145000,3125.9048,165.9473,552.2089
146000,3350.6950,177.5388,552.0466
147000,3300.2019,174.0536,551.4049
148000,3032.8182,162.0642,552.9980
149000,3061.8338,162.8503,553.0415
150000,2503.7639,132.7787,552.5253
151000,2987.4338,158.6373,553.5326
152000,2926.7205,156.1174,551.7574
153000,3291.3535,173.9298,551.7658
154000,3138.0932,167.0274,552.1810
155000,3769.7042,197.8565,551.6954
156000,3083.0954,163.7916,552.4633
157000,3314.9109,175.7250,553.1145
158000,3320.6144,175.5555,552.0398
159000,2994.0521,159.8385,551.0312
160000,3368.0526,178.2302,552.6813
161000,3017.1682,160.5211,552.6226
162000,2805.6299,147.9660,551.7639
163000,3506.3068,184.9210,553.3485
164000,3062.9360,163.0572,552.8796
165000,2948.8087,156.8824,551.6214
166000,3885.3694,204.6368,551.6193
167000,3319.9943,176.2580,554.2377
168000,3690.6800,194.4715,552.2046
169000,3545.3952,187.5293,553.2694
170000,3187.1716,169.1840,551.8788
171000,3279.6930,172.8762,552.1931
172000,3452.3051,182.1472,552.9103
173000,3879.3672,204.1047,552.0158
174000,4043.1849,211.8844,553.3858
175000,3475.2765,183.0078,552.1168
176000,3925.4822,206.0317,554.5258
177000,3770.4314,199.0418,553.7833
178000,247.5897,5.5855,553.8963
179000,3762.5419,198.0339,553.1093
180000,3885.2802,204.1251,553.3843
181000,2314.6685,121.6229,552.5303
182000,3509.8096,185.5912,552.2884
183000,2754.3263,145.8459,554.3892
184000,435.8231,19.6062,553.6345
185000,3449.8331,182.3975,553.4484
186000,3386.4044,178.3253,552.5577
187000,3967.7947,208.3366,552.0500
188000,3781.9926,199.0742,552.9342
189000,3881.2311,203.1503,551.7487
190000,3529.9281,185.8628,552.1983
191000,2066.0494,111.1091,552.0601
192000,4202.4543,220.5750,552.8590
193000,4246.2571,221.9698,550.8005
194000,4011.9380,211.2535,551.3665
195000,3931.0436,206.3219,553.8492
196000,3439.6246,181.1857,550.6690
197000,3959.1416,208.4384,552.7799
198000,3990.4367,208.6755,552.9621
199000,3944.6537,206.7806,553.1907
200000,4307.6500,225.1926,551.7029
201000,3940.0791,206.6478,551.8582
202000,3452.4568,183.1881,552.3180
203000,3825.7188,200.7441,552.9039
204000,3967.1656,208.5402,553.9328
205000,4331.5072,226.8986,553.1502
206000,4091.2744,214.2988,553.4335
207000,2451.7944,128.3472,553.1210
208000,4180.0404,218.6393,550.8165
209000,4517.7895,236.1901,551.6609
210000,4111.6768,216.2863,551.1028
211000,1708.9090,86.4206,553.2534
212000,4520.1826,236.6087,552.0323
213000,4057.7806,212.6752,551.4826
214000,1333.3614,64.2314,552.4190
215000,4514.1291,235.9824,554.1201
216000,3616.9562,191.2051,552.7280
217000,3999.7387,211.3023,552.9790
218000,4059.2796,212.9818,552.4491
219000,3553.9062,188.1834,554.0645
220000,4323.4020,226.8208,553.2824
221000,4092.6926,214.7287,551.8669
222000,4210.2657,220.6376,552.7022
223000,4267.4866,223.9278,551.6723
224000,4265.7043,224.1938,552.7675
225000,4682.9473,244.4014,551.7633
226000,4759.3932,247.5170,551.8882
227000,4499.6220,235.0757,552.4145
228000,4407.0245,231.4695,552.0009
229000,4777.8223,249.1057,550.2451
230000,4842.9252,252.9027,552.8910
231000,4169.6787,217.2221,552.8609
232000,3689.4938,190.6531,553.6569
233000,3779.3175,196.2861,552.6635
234000,2870.0447,143.5421,552.3520
235000,533.0250,21.2645,554.5723
236000,3900.8901,204.5305,553.7075
237000,4820.8730,250.6201,551.2358
238000,4852.1748,252.3152,552.7015
239000,4955.7608,258.0507,551.9253
240000,4181.9963,219.6579,553.5451
241000,2086.6108,106.9995,552.2490
242000,3988.8153,209.2366,552.6463
243000,5139.9976,267.3197,552.4258
244000,4702.4646,245.2205,552.1718
245000,4651.4913,242.7718,552.7931
246000,4890.6737,255.3722,551.2845
247000,4082.5318,213.7589,553.1195
248000,4639.1272,242.4920,550.7365
249000,4876.2168,254.0603,552.0547
250000,5176.0827,268.7039,550.9167
251000,4655.8476,242.4288,552.2467
252000,4897.7329,255.0548,552.2982
253000,4461.4106,232.5562,553.7016
254000,4719.0021,246.1210,553.5031
255000,5275.6264,274.2079,552.4136
256000,4976.0398,259.1332,552.1969
257000,2197.6112,118.5174,553.5382
258000,5403.2857,280.2265,554.3220
259000,4936.1937,256.6941,551.3543
260000,5045.3398,261.7974,551.1419
261000,5103.4735,265.6128,553.1777
262000,4981.3354,259.8680,552.2138
263000,5426.1609,281.1483,552.0767
264000,4718.1448,245.9852,552.1968
265000,5282.2812,274.0156,553.4348
266000,5460.3827,283.6922,552.0845
267000,5379.4071,279.6171,554.1650
268000,4792.3154,248.2231,551.3598
269000,4999.0713,261.0800,554.3347
270000,4170.8308,217.8023,552.7940
271000,5221.3045,271.6419,552.7202
272000,4532.0386,236.6008,551.4207
273000,5284.8428,274.5003,553.9472
274000,5529.6284,286.4642,554.3201
275000,5426.9744,281.3143,553.1467
276000,4975.4526,257.9058,550.7680
277000,5321.4373,276.9623,552.9530
278000,5591.4682,289.5343,551.7069
279000,5313.1704,276.3571,554.3367
280000,5376.9374,279.6299,552.8032
281000,5285.9294,274.3744,551.0663
282000,4299.2656,224.4205,552.2785
283000,5705.2639,295.7216,553.9091
284000,3808.2238,200.3403,555.1323
285000,5050.9157,263.1538,552.4184
286000,5041.0873,262.7115,552.9370
287000,5611.4072,291.1930,553.5494
288000,5163.5499,269.2541,553.9766
289000,5077.9837,263.0154,552.6759
290000,5131.5196,266.5139,553.3268
291000,5170.5758,268.6423,552.1258
292000,4984.3059,259.3847,552.7676
293000,5282.4439,274.7827,553.0947
294000,5364.7258,279.0440,551.7478
295000,5842.3602,302.3558,553.8036
296000,3718.2822,194.3554,551.7416
297000,2181.9550,118.8618,553.1659
298000,5933.3634,307.1046,553.2408
299000,5440.5502,282.1040,551.5866
300000,5957.0873,307.8211,552.3417
301000,5968.8436,308.6396,552.6111
302000,5893.4688,304.9103,553.0015
303000,6187.7123,319.8107,553.3243
304000,5732.1369,295.5557,554.7563
305000,6180.2382,318.9143,552.5139
306000,5898.6825,305.1829,552.3870
307000,6316.3644,326.0033,552.7226
308000,6340.8828,326.2670,552.6262
309000,6039.0564,311.3321,551.1913
310000,5316.0650,275.9106,551.9524
311000,5604.1771,290.5953,553.0601
312000,6328.4943,326.3369,552.3907
313000,5413.3783,276.8716,554.2304
314000,5922.9682,306.2991,552.5493
315000,6217.3320,320.9499,551.7651
316000,5990.3921,309.2842,551.9364
317000,5853.7586,303.0901,552.6638
318000,1873.6119,104.6595,553.6915
319000,5852.6309,302.4966,552.1740
320000,5947.4596,307.5320,552.9995
321000,6260.7646,323.1969,552.4480
322000,6281.7387,323.4488,551.7154
323000,6091.6251,314.5349,552.2344
324000,5435.9737,279.1530,553.6060
325000,5070.5054,261.9566,552.1086
326000,5997.9314,309.6484,552.6498
327000,6317.7928,325.6492,554.5869
328000,5308.5043,275.6078,554.3658
329000,6032.3885,311.5545,553.7270
330000,3940.2163,207.8622,552.5961
331000,5905.6370,305.6636,552.4647
332000,6009.3239,309.7717,553.6073
333000,3541.8594,182.2046,554.1650
334000,6326.5455,325.8126,551.4507
335000,6532.2636,336.8133,553.2706
336000,6649.7855,342.2397,552.8372
337000,6345.9504,326.7393,553.3307
338000,5601.4500,290.0807,552.4588
339000,5178.3725,267.9712,554.0976
340000,1001.3002,50.5428,553.1817
341000,6197.7262,319.6058,553.2169
342000,6455.3356,332.7614,553.2696
343000,6335.1992,326.1427,551.9922
344000,4373.3385,228.1543,554.7308
345000,6807.3730,350.3054,553.0715
346000,6100.8940,313.6861,555.6840
347000,6331.2559,326.8200,554.5306
348000,5823.7690,300.8323,553.4036
349000,6892.2430,354.7361,552.7144
350000,6444.7847,331.5149,553.8564
351000,5902.1452,304.8285,552.1220
352000,6823.4023,350.3091,552.0095
353000,6626.2283,340.2539,552.9673
354000,6991.5589,358.7918,553.3020
355000,6689.7023,343.7249,553.8505
356000,6562.3679,337.2958,553.6499
357000,5667.3192,294.1509,554.4200
358000,6142.2389,316.9835,552.6166
359000,6318.7776,325.8421,553.3803
360000,6341.5566,326.5575,552.5489
361000,6387.0163,328.9798,553.8769
362000,6217.8948,320.4874,553.7766
363000,6192.6989,318.7247,552.3663
364000,6542.0643,337.0097,552.2608
365000,6846.7583,351.6807,553.0983
366000,6595.0628,339.7307,553.5784
367000,5845.3599,301.2299,552.7712
368000,7055.5173,362.8279,554.3929
369000,7518.9296,385.4502,552.5048
370000,4648.7015,239.1098,552.6344
371000,6386.4545,329.4542,552.4786
372000,6508.9737,336.2364,552.7629
373000,5878.2704,302.3470,552.5162
374000,4824.3568,247.7049,553.3145
375000,1757.2678,84.8195,555.3860
376000,5378.8761,275.1107,553.2910
377000,6656.4250,342.4268,553.8392
378000,6427.1773,330.0356,552.1530
379000,6888.9787,353.7660,553.4367
380000,7123.4394,366.2472,550.9827
381000,6101.5614,315.5384,553.6666
382000,6684.2771,343.3254,552.6393
383000,7360.8421,378.2520,552.2190
384000,6884.5493,353.6919,553.7411
385000,7279.2498,372.6905,551.4579
386000,6092.8358,314.2778,553.5228
387000,4432.9936,225.1911,553.1370
388000,2399.2540,132.2069,554.7350
389000,6460.1159,332.3806,552.6218
390000,6883.9869,354.0817,550.9405
391000,6783.7274,348.9621,552.0859
392000,7394.5375,379.1336,552.2765
393000,6090.7774,314.5829,554.0244
394000,7213.8402,370.2493,551.9773
395000,5844.8155,300.8497,551.6235
396000,6220.9215,321.2762,552.5912
397000,6450.6652,332.6509,552.5374
398000,6991.5743,359.0511,552.3217
399000,6977.2954,359.0366,553.7573
400000,6757.4131,347.8401,555.0059
401000,7175.7136,368.0869,551.7966
402000,7070.2018,363.2190,553.4774
403000,7222.8488,370.2368,554.2361
404000,6355.3524,327.5453,553.5109
405000,5653.8043,292.3914,552.9212
406000,5494.3107,282.5549,553.0878
407000,7056.2801,362.3390,554.3309
408000,5469.4793,281.1653,553.6357
409000,7031.8654,361.3541,553.7148
410000,6771.3929,348.5306,553.1528
411000,7148.0615,366.7722,551.2259
412000,6712.2043,346.0623,551.8483
413000,7373.0537,377.4594,553.0828
414000,6313.3671,326.2553,552.4504
415000,7135.2997,366.0907,553.4013
416000,6823.7933,350.8547,552.7540
417000,7317.9346,375.3554,550.5797
418000,7182.6383,368.3966,551.8601
419000,2148.1951,104.1649,552.9033
420000,7051.2483,362.1969,553.6652
421000,7083.8846,363.8663,553.5934
422000,6655.2057,342.0704,552.6613
423000,6729.9353,345.3870,552.6006
424000,7532.2297,386.3113,552.9275
425000,5009.8526,254.6238,551.3222
426000,6968.1113,358.0637,552.3972
427000,7115.3836,364.5935,553.4921
428000,6495.8609,335.2962,550.6216
429000,6874.4250,353.5918,553.7999
430000,6296.8354,324.2523,553.2729
431000,6488.1168,334.2927,553.1991
432000,3297.8549,167.7647,554.2663
433000,6819.8486,351.1309,554.0104
434000,7009.8958,360.1062,551.6824
435000,-28.6656,-6.6566,555.1845
436000,5757.4852,295.3609,552.7434
437000,7477.0650,382.7118,552.9935
438000,14.0934,-3.8927,554.0919
439000,7174.4155,367.6436,553.1657
440000,7733.3962,395.8243,553.0307
441000,6824.7903,351.0278,552.7131
442000,6331.1954,326.9961,552.2854
443000,7758.2451,396.6463,552.8463
444000,5319.4044,272.4048,554.9554
445000,6680.7906,343.7422,553.2528
446000,6844.5127,350.7226,551.8465
447000,6047.2368,309.8798,552.8470
448000,7943.3387,406.1420,551.3033
449000,7406.4287,379.6809,553.2090
450000,6515.5939,334.5558,553.1393
451000,6227.3696,319.7434,552.3066
452000,6965.5210,358.1538,553.1199
453000,6793.0712,350.0816,552.5798
454000,7970.7274,407.2902,553.4710
455000,6665.6002,343.5694,552.3053
456000,7583.9067,387.9853,553.2181
457000,7707.7084,395.2950,553.1078
458000,7110.3501,365.8093,552.9958
459000,8002.7889,409.3265,552.2462
460000,7004.0260,359.7943,552.2149
461000,7502.4336,383.9662,553.6795
462000,6970.9168,358.1139,552.9379
463000,7117.0309,365.7894,552.0526
464000,6678.7528,343.9615,551.9939
465000,7607.4700,389.8330,550.5602
466000,6857.8945,352.9197,552.0680
467000,5969.3433,308.2745,553.0515
468000,7434.2581,381.8106,552.4193
469000,5275.3016,273.0045,553.8327
470000,6236.9383,320.8603,553.6700
471000,7164.9907,368.0219,551.4631
472000,6436.6695,331.6501,554.0241
473000,5538.9898,285.5001,553.8172
474000,7915.7861,405.5876,553.0440
475000,7835.2824,401.1560,552.8215
476000,7488.3647,384.6705,552.5346
477000,7991.4360,409.0852,552.8400
478000,8101.5360,414.9835,552.4181
479000,7257.7982,372.7788,552.7462
480000,7796.5387,398.9863,553.0889
481000,6984.3336,359.4266,552.5694
482000,7945.6349,407.1610,553.4953
483000,3226.9561,168.6394,555.4173
484000,6455.0811,332.7545,554.9555
485000,7729.4941,395.8526,552.2342
486000,7508.0069,384.9950,552.8235
487000,7337.4795,376.6227,552.3441
488000,7277.8708,374.1863,552.3031
489000,6973.1900,357.9611,553.8280
490000,7115.1508,365.6007,554.2087
491000,6945.9158,357.6569,554.5719
492000,7687.9236,394.2906,553.7624
493000,7814.4952,400.8066,552.9181
494000,7892.3438,403.8202,553.6343
495000,8042.1243,411.9782,552.1529
496000,2073.1591,103.0062,554.2163
497000,7906.2235,405.2154,552.3855
498000,8122.0942,415.6740,552.9289
499000,7301.2471,375.1635,553.9995
500000,7936.4926,406.5512,552.8141
501000,7894.9723,404.9382,552.5280
502000,7338.2318,377.0850,552.1020
503000,8106.8729,414.4581,552.3338
504000,6864.8003,352.2793,552.9817
505000,7433.8457,382.3213,552.8087
506000,7318.5632,376.0614,554.0770
507000,7320.5977,375.9693,554.1907
508000,7085.5921,364.0686,552.4967
509000,7418.3529,380.8892,552.6944
510000,8038.0714,411.6184,552.3534
511000,6235.5629,320.1571,552.3274
512000,6809.3096,349.8877,552.7843
513000,7715.9602,395.5686,553.3741
514000,7407.4368,380.3032,552.0992
515000,7557.1339,387.8336,554.5739
516000,8127.6959,416.0116,552.8391
517000,6346.9583,326.4710,554.3448
518000,8153.0540,417.4841,553.5037
519000,7367.8488,378.2086,551.6739
520000,7641.2174,391.8006,552.1340
521000,7032.8448,361.6528,551.9597
522000,8297.7425,424.8955,553.3443
523000,7408.6264,380.8419,552.8872
524000,8094.5459,415.0146,554.2145
525000,7014.6623,357.8385,554.1864
526000,7873.4086,402.9354,552.0019
527000,4605.1923,240.0758,553.9579
528000,7402.6272,379.0993,553.1346
529000,8259.4831,423.2595,552.2343
530000,7729.6755,397.6296,552.8432
531000,8042.7926,411.5790,552.8636
532000,7519.0846,385.4911,553.1467
533000,7396.9456,379.9695,553.1099
534000,8211.6285,420.2647,554.0025
535000,8072.8388,413.5086,551.7801
536000,7618.0464,390.8772,552.6856
537000,7443.3445,381.8076,552.1494
538000,8477.9283,433.1975,553.8033
539000,5782.7245,299.9129,554.4642
540000,8099.0657,414.9498,552.9211
541000,7121.5734,366.6133,552.3883
542000,8133.7519,416.3989,552.4053
543000,6742.8318,347.0864,553.9194
544000,7670.8461,394.2039,553.8479
545000,7440.2302,381.8459,551.8302
546000,7697.4160,394.9628,553.5837
547000,6847.9100,351.9825,553.4458
548000,8302.1236,424.4301,552.1972
549000,7846.1533,401.5304,553.7564
550000,7968.1395,408.7262,552.1737
551000,6309.2589,326.1863,551.4361
552000,7922.7726,405.8362,553.0160
553000,7666.2312,393.0692,553.6235
554000,7568.4635,388.3238,552.2053
555000,2409.3301,121.2109,556.2464
556000,7667.6314,392.9186,552.8994
557000,7935.2978,407.1239,554.5319
558000,7889.6366,404.4117,553.3391
559000,7870.0272,403.5123,553.7989
560000,7966.1827,408.3463,553.0797
561000,8001.2359,409.8172,552.1973
562000,7989.7029,409.0690,551.8979
563000,7801.5047,400.1762,553.1726
564000,7497.9234,384.8493,554.5447
565000,7725.9448,395.7279,552.6985
566000,8031.1733,411.2754,553.3732
567000,7813.6474,400.9778,551.8714
568000,7705.9814,395.0747,554.0303
569000,7408.0256,380.9289,553.0123
570000,7865.5800,403.0234,552.7017
571000,7677.0447,393.6372,554.2548
572000,8239.8959,422.0615,553.0556
573000,8504.5179,434.7091,553.4077
574000,8389.8856,428.9288,553.7594
575000,8205.8535,420.0721,552.1563
576000,8690.7733,444.3330,553.8040
577000,5894.5691,302.3011,553.7159
578000,7390.9309,378.7961,553.4447
579000,8153.1733,417.0391,552.9188
580000,8870.0376,452.2299,551.2976
581000,7185.8985,368.6120,551.9540
582000,8771.4012,447.6598,552.5787
583000,7578.8475,389.1641,551.3446
584000,7667.8643,393.5133,552.8650
585000,7550.8168,387.1014,554.6635
586000,7678.9195,393.8438,553.2009
587000,7438.6031,382.3555,552.1462
588000,5858.6601,300.0965,552.7070
589000,7587.1961,389.4632,552.4335
590000,7752.4649,397.4797,552.9835
591000,8623.2095,441.0256,551.7903
592000,8183.5153,418.8329,551.3113
593000,8613.3003,439.6957,551.3455
594000,7806.2738,399.2644,549.6661
595000,8347.8621,427.1032,549.7012
596000,8531.5025,435.3791,548.8809
597000,8750.5411,447.5607,551.0719
598000,6690.0260,341.1674,551.3905
599000,8907.1086,455.1991,549.0519
600000,8710.8949,445.9514,549.0429
601000,8306.2153,425.0315,550.7219
602000,8523.4187,435.8646,549.7034
603000,8848.2509,451.9674,547.6703
604000,8708.0431,445.5777,549.6654
605000,7240.9539,371.1679,551.3810
606000,8097.8373,414.3460,550.7148
607000,8338.7267,426.5615,549.1454
608000,8646.9009,442.3574,549.3495
609000,8234.1785,421.8387,548.0135
610000,9041.5378,461.0136,547.4436
611000,7945.6500,406.7655,550.4937
612000,8309.5006,425.0936,549.8395
613000,7966.1062,407.7829,548.6647
614000,8616.0959,440.5759,550.0872
615000,8740.4527,446.7570,550.2447
616000,9315.6985,474.4987,545.8453
617000,8525.5543,435.3546,548.2070
618000,4303.4816,217.3912,552.4911
619000,8702.0735,444.3801,548.6011
620000,8531.2369,435.2700,547.2953
621000,7837.0006,402.1432,547.8928
622000,5097.0014,264.2440,551.7320
623000,8505.5824,434.8016,547.4830
624000,9260.4811,472.3284,547.2369
625000,8958.2835,457.0547,548.6813
626000,8511.6789,435.6752,546.8439
627000,9107.9255,464.8826,548.0407
628000,8838.7106,450.9538,546.7254
629000,9011.6456,459.6685,545.7012
630000,8002.1065,409.8535,546.9765
631000,9067.8532,461.7525,546.6856
632000,7645.7963,392.2642,548.9319
633000,2673.2568,131.0144,552.8764
634000,8558.2331,437.2066,549.9187
635000,8838.5150,451.4803,547.3796
636000,9268.6104,472.5073,546.1185
637000,6873.9736,351.2653,548.2498
638000,2867.9506,142.2466,552.7059
639000,9035.6984,461.2424,546.3299
640000,8663.1907,442.7885,548.7845
641000,6345.7571,323.4580,550.6228
642000,8895.7779,453.5252,548.1717
643000,8879.7912,452.7342,548.9754
644000,8781.1970,448.6701,547.3849
645000,8578.5842,438.0249,547.7883
646000,6825.5252,349.8982,549.4616
647000,8911.7093,455.8636,549.2902
648000,8434.9967,429.6672,549.0328
649000,8956.5004,457.3269,548.5819
650000,8104.1998,414.8738,547.7229
651000,8278.7160,423.8169,547.9435
652000,9213.8519,470.1739,546.2845
653000,9032.2812,460.9444,547.0377
654000,8806.4438,450.6060,546.5333
655000,8769.9712,447.4507,548.3098
656000,8652.4372,441.5745,546.7034
657000,9255.3324,471.0807,545.2486
658000,9334.6130,476.3558,544.5163
659000,8464.9787,432.7501,547.2281
660000,8470.0809,432.8118,547.8831
661000,7677.5531,391.8270,548.1203
662000,9649.5109,491.4761,545.3580
663000,8559.6474,437.3360,549.2896
664000,8734.2117,445.9702,546.1855
665000,8385.1038,428.6958,548.7605
666000,6504.9463,332.4358,548.7230
667000,9147.8360,466.7550,547.5668
668000,8865.1019,452.1810,545.6273
669000,8992.0623,459.5472,545.3303
670000,8737.6624,446.1099,546.9443
671000,8638.6760,442.0671,546.9065
672000,8516.8457,435.5044,549.2503
673000,7731.2826,393.5729,547.9188
674000,9085.3467,464.2444,546.5711
675000,8509.6085,434.9750,546.1386
676000,9240.1315,471.3282,546.7302
677000,8930.8279,455.0628,546.8685
678000,8765.0386,447.6049,547.6017
679000,8310.2800,425.0715,547.4858
680000,8847.1800,451.9654,548.6068
681000,9253.3077,471.8750,546.2179
682000,5001.6033,252.4978,551.0935
683000,9319.0883,475.8432,546.8993
684000,7883.8516,401.9567,547.8368
685000,9025.8987,460.8803,549.3579
686000,8577.9051,438.5729,545.3932
687000,8884.6254,453.9432,548.2467
688000,9096.0457,464.4867,546.5480
689000,8733.1787,446.1640,546.6050
690000,8721.3313,445.8970,547.1061
691000,8433.2586,431.3377,547.7952
692000,9536.5300,485.7117,545.4059
693000,8890.0699,453.8690,546.8823
694000,2557.0137,131.5342,552.3444
695000,8418.1658,431.1580,547.4698
696000,2062.1156,103.3658,553.7592
697000,9247.1730,472.0801,545.8201
698000,3061.4568,157.5578,553.3650
699000,9422.5964,479.8646,544.5877
700000,9309.9030,474.0222,546.5130
701000,8034.4335,410.9016,545.4234
702000,9478.0069,482.9801,547.0709
703000,9419.6018,480.3343,545.9331
704000,8485.7445,434.2408,548.5183
705000,9407.2961,479.8376,547.4829
706000,9381.5199,478.6554,547.1444
707000,7495.1374,382.6203,547.6004
708000,9026.3024,460.6614,547.5995
709000,9339.0012,475.8482,546.9504
710000,9017.2101,460.4771,545.0306
711000,8010.0268,409.2051,548.4595
712000,8781.9051,448.4992,547.1577
713000,9726.8364,495.3243,545.9753
714000,7809.2424,399.9405,549.5160
715000,8980.1973,458.9109,550.2937
716000,9359.8922,476.5867,543.6617
717000,8249.4945,420.8381,547.6431
718000,9176.2063,468.5050,545.2953
719000,9784.0477,497.9903,545.1219
720000,8946.3594,456.3261,546.6619
721000,7210.9530,369.8681,548.6823
722000,9457.1800,481.8965,544.8966
723000,8938.5340,456.3455,545.9495
724000,9488.3761,483.2436,546.1397
725000,8346.5901,426.8706,547.2129
726000,4988.1763,253.5330,552.0684
727000,9774.1343,498.2312,546.8959
728000,10056.5936,512.2312,546.1312
729000,9262.1809,473.1618,547.6775
730000,8986.2730,459.2332,546.3624
731000,9395.4924,478.7491,547.0087
732000,9514.3749,485.4660,544.8746
733000,9704.8486,494.7427,545.1565
734000,9207.6553,469.4243,547.2516
735000,9526.0411,485.4343,546.2461
736000,9289.3591,473.8765,547.0206
737000,9832.7103,500.4474,546.6915
738000,9624.6599,490.4620,545.8663
739000,1997.4559,115.0520,555.2802
740000,9204.8925,469.7356,546.6266
741000,8838.3025,452.1853,546.4540
742000,9331.4312,475.7792,545.5107
743000,9068.5415,462.5795,547.1584
744000,9184.4567,468.7284,547.4578
745000,9583.4892,488.7747,545.0430
746000,8087.2700,412.9070,547.3953
747000,9789.4741,498.5751,544.9364
748000,9951.4439,506.4638,546.4321
749000,9363.6473,477.9428,544.7907
750000,8786.0872,448.6275,546.8209
751000,9538.0008,486.5472,544.0788
752000,8693.7074,443.7630,545.2989
753000,9961.0187,506.6511,543.3513
754000,9071.6183,462.7878,546.7555
755000,5558.7847,284.8326,548.1813
756000,8943.9817,456.4911,547.5701
757000,8741.4224,445.9961,545.9704
758000,8451.4024,431.3677,547.9858
759000,6760.9605,345.1410,547.2964
760000,9377.5144,479.0995,548.7288
761000,9155.2093,466.9496,546.7744
762000,9010.5789,460.9887,547.1702
763000,9249.0445,472.3387,547.8721
764000,9577.4871,487.7373,546.3283
765000,10000.8411,509.0946,545.8571
766000,8978.1305,458.6786,548.7443
767000,5533.1591,282.1381,551.1202
768000,9451.8109,481.0597,546.7864
769000,8524.8194,434.8880,547.9565
770000,9548.7347,486.8210,545.9075
771000,9361.3713,476.5264,546.5133
772000,10017.8470,510.4169,543.7991
773000,7907.2680,402.4821,548.1184
774000,9549.5831,487.1088,545.7401
775000,9909.0094,504.1268,546.1549
776000,9492.8883,483.5523,546.7525
777000,9335.3498,476.5727,546.8133
778000,6201.5418,318.4405,548.6273
779000,6423.1010,328.0675,549.4262
780000,9516.9710,485.5782,546.5389
781000,9226.5480,470.9047,546.4941
782000,9337.3030,476.6340,545.6087
783000,8217.3697,420.3281,546.9770
784000,7916.7165,403.6038,546.6881
785000,9322.6707,474.8110,546.9618
786000,8410.6894,429.9863,547.8422
787000,9276.9841,473.0656,546.2408
788000,8308.0108,424.9807,546.5653
789000,9499.9633,484.2493,546.4076
790000,9331.2594,475.8471,546.0689
791000,2915.8563,142.9555,552.6674
792000,8416.0310,429.9117,546.8282
793000,7782.2452,397.4986,547.5168
794000,9354.4910,476.4184,545.3574
795000,5903.0955,302.1183,549.4184
796000,1875.8648,94.8172,551.4833
797000,3080.7677,154.3713,553.4490
798000,9078.6570,463.2365,545.2282
799000,8957.2845,456.7565,545.8284
800000,9432.8581,480.6282,544.2258
801000,6882.4896,353.4770,548.7636
802000,9540.5827,486.5774,544.4701
803000,9326.4420,475.5075,546.5399
804000,3010.3192,155.4734,550.8836
805000,9350.1047,475.8977,547.1335
806000,9490.5678,484.1436,545.5179
807000,9053.5157,462.6164,545.2021
808000,8640.2104,440.8533,546.2037
809000,9257.6480,471.0576,546.9104
810000,8344.7835,426.9385,547.8111
811000,7144.1700,366.2334,550.0013
812000,8107.5242,415.4124,545.1864
813000,9567.3783,487.4924,543.4088
814000,9310.8242,474.9369,544.4443
815000,9181.8653,468.3490,548.1204
816000,7914.0316,405.1781,547.7461
817000,9496.9153,484.1019,547.2968
818000,9582.5456,488.0331,545.6512
819000,7114.5658,365.4366,547.4443
820000,9846.3713,501.1227,546.1293
821000,9403.5888,479.8254,545.2893
822000,9776.9799,498.0890,545.5817
823000,9641.9614,491.3256,546.3717
824000,9284.2934,473.0542,547.3976
825000,9295.3833,473.6769,546.9813
826000,8557.9327,437.4596,547.9546
827000,9577.1487,488.6143,547.6009
828000,9292.8295,474.2479,546.6442
829000,8760.5971,448.2795,546.2970
830000,9298.3134,473.8797,546.2646
831000,9316.7937,475.0436,545.6431
832000,4447.2187,228.1501,552.4279
833000,8478.4997,433.4605,546.9168
834000,9371.3522,478.3553,545.7540
835000,8841.8274,451.3680,547.5022
836000,9177.8133,468.2159,546.6571
837000,8675.1976,442.7284,547.3661
838000,8917.4950,455.3546,545.4971
839000,8263.5900,423.3391,547.8821
840000,9370.6877,478.3487,546.4881
841000,9214.0519,470.3608,546.5800
842000,6945.5412,352.6532,546.8070
843000,8885.7218,453.9447,546.0061
844000,9072.6388,463.1577,546.6249
845000,8793.4213,449.2416,547.1970
846000,9648.6905,490.8516,542.2353
847000,8899.9116,453.7816,547.3433
848000,9680.0552,493.1502,546.9146
849000,9372.8717,478.6476,546.6511
850000,8989.3544,459.0552,546.8823
851000,9595.1359,488.9176,545.4699
852000,8456.1402,433.1161,547.2891
853000,9280.6622,473.8966,544.4244
854000,9438.4154,481.0870,546.9529
855000,8407.6803,428.8795,548.0980
856000,9277.0317,472.6151,542.8589
857000,8815.4937,450.6048,546.3064
858000,9510.0508,484.1484,545.5908
859000,7844.8672,401.5401,547.2758
860000,9114.1584,465.6589,547.7445
861000,9825.2562,500.7394,544.0805
862000,9679.4036,493.0236,546.2610
863000,9172.3673,467.4255,544.8178
864000,8449.1099,431.7004,547.3697
865000,8027.0518,411.2456,548.3271
866000,9365.6130,477.1624,545.1535
867000,8845.1557,451.4326,548.7548
868000,5659.3605,291.2048,550.6671
869000,9197.1567,469.5147,544.3023
870000,9190.2273,468.5593,544.5134
871000,8864.2864,452.6034,546.9720
872000,9271.5421,473.4325,545.8274
873000,9401.0884,479.8128,544.5146
874000,10041.4166,511.1661,545.6885
875000,8481.0770,433.2523,547.6267
876000,8298.4513,423.7466,545.2205
877000,9680.2216,493.7209,546.0961
878000,9421.2345,480.4083,543.7724
879000,8583.2760,439.1326,547.9676
880000,9421.9930,480.9685,546.0253
881000,9826.1022,500.3596,546.4516
882000,10012.9677,510.8289,543.9286
883000,9517.5114,484.9873,545.1826
884000,9327.9742,475.9221,544.7491
885000,7642.7152,391.1921,547.4314
886000,9430.8200,481.5456,545.0575
887000,9229.6984,471.1064,545.4440
888000,8408.7229,427.9245,546.8540
889000,10017.9738,509.6902,544.3911
890000,10000.1472,509.2512,543.2752
891000,9003.9705,459.8545,546.9835
892000,8971.4561,457.6574,545.3439
893000,9731.3032,496.6321,544.9104
894000,5807.1433,295.4157,548.9538
895000,9259.7040,472.3690,546.6882
896000,9300.1305,474.1519,546.8074
897000,9353.6394,477.5154,545.5483
898000,8145.9067,416.0234,546.0859
899000,10260.3034,522.8978,546.4902
900000,10132.8396,516.8383,546.0323
901000,9122.7280,465.3360,544.2502
902000,9220.1225,470.5505,546.0530
903000,8067.2337,412.1829,547.8885
904000,8572.2372,438.5483,548.3683
905000,7622.9289,388.2106,548.8613
906000,9034.7395,460.9656,546.1858
907000,9042.1479,461.1738,547.9781
908000,9600.1366,489.8731,544.2043
909000,9730.6716,496.0977,546.7747
910000,8817.7481,450.5651,548.5035
911000,9357.5032,477.5695,545.0173
912000,8939.1304,456.6745,545.9647
913000,8979.9083,459.0448,547.4071
914000,7983.8942,408.1932,546.9121
915000,9585.1854,489.2720,546.9658
916000,9089.5086,464.1110,546.2615
917000,9913.1714,505.2034,545.7758
918000,9908.8052,504.1971,544.9456
919000,9040.0563,461.8135,546.5418
920000,9241.9494,471.9044,546.3726
921000,10035.9516,511.2289,542.7007
922000,9768.6765,497.1947,545.4110
923000,9064.1496,462.7003,544.6805
924000,8584.8170,438.8596,546.6846
925000,9088.0632,464.8617,547.3451
926000,6682.3882,342.8359,547.5774
927000,8454.5038,431.8981,544.7463
928000,8946.8930,456.5248,544.9622
929000,8936.3903,456.4852,547.3467
930000,8846.3348,451.4066,545.5075
931000,9437.9438,480.7766,545.4018
932000,9244.4162,471.6479,543.4731
933000,9237.4732,470.9137,544.3142
934000,9571.1590,488.5849,546.2119
935000,9380.3842,479.1886,547.7620
936000,8912.5270,455.4415,546.2251
937000,9114.4166,464.9228,544.0317
938000,9435.9079,480.4245,546.9611
939000,9991.0728,508.2208,545.8435
940000,9687.9283,493.8204,545.1940
941000,9730.6853,496.1144,542.7690
942000,9587.5413,488.8764,545.7079
943000,8859.1043,453.0447,545.6459
944000,9388.1832,480.1434,544.4392
945000,9349.1199,477.1086,546.9364
946000,9596.9607,489.7618,543.7153
947000,7018.2714,359.3519,548.4521
948000,531.7455,22.9286,553.6046
949000,6770.5941,350.4417,548.4007
950000,5802.3919,302.6958,549.9393
951000,9247.9417,471.3152,544.9774
952000,9202.8466,470.1209,546.2065
953000,9303.4209,475.1618,545.2654
954000,9974.6731,507.7618,544.7058
955000,4406.5368,228.9997,551.6508
956000,9108.7718,465.3240,545.4125
957000,9510.9327,485.3511,545.7988
958000,10031.9397,511.5742,546.6837
959000,8811.0878,449.9750,544.3296
960000,10338.5892,525.8756,544.7003
961000,7517.1539,383.6913,547.0162
962000,10110.1690,514.9198,544.5586
963000,9495.3271,484.4368,544.9678
964000,9879.0612,503.8688,545.4859
965000,9822.1826,501.5549,544.6823
966000,9705.7832,495.0960,544.0259
967000,8850.7254,452.4906,547.0158
968000,9125.2321,466.4357,544.4379
969000,9012.3163,458.7603,545.0152
970000,8709.5879,445.2890,546.2188
971000,9733.2048,495.7322,543.9909
972000,3020.0121,165.2627,551.6620
973000,9262.8309,472.3828,545.7722
974000,8905.2055,455.3016,545.5423
975000,2347.7314,115.1548,552.4080
976000,9680.0014,493.7956,546.0773
977000,9180.4530,468.7379,545.0582
978000,9755.3150,497.0893,541.6148
979000,10122.2841,514.7568,543.9887
980000,9685.6104,494.1307,544.2147
981000,9620.0485,490.1290,544.4683
982000,9490.2780,484.6036,541.0368
983000,9623.8649,491.6143,542.0550
984000,7819.6266,396.1832,546.6456
985000,9404.4229,479.9286,544.8912
986000,9444.5232,482.1491,546.3526
987000,9871.5822,503.4808,541.5857
988000,9876.9020,503.6597,544.5399
989000,9308.9283,474.8858,544.8353
990000,9546.9194,487.0911,543.2854
991000,9308.9088,474.8255,544.9302
992000,4150.1551,208.4621,552.0329
993000,5939.7733,302.4972,550.3657
994000,5272.0382,268.9378,550.0840
995000,9604.9412,490.0380,546.2173
996000,9132.0389,466.5090,545.4667
997000,9354.2854,477.2394,543.3973
998000,9309.8770,475.3848,541.6017
999000,9764.5281,497.8477,543.5012
1000000,9785.3201,498.5046,543.4002
