timestep,reward,distance,control_cost
1000,147.1209,9.7593,510.5777
2000,476.3339,34.1133,553.2571
3000,548.1505,36.2488,550.1002
4000,1504.1421,83.5456,551.0340
5000,1949.7525,105.3890,551.8709
6000,1916.5897,102.8690,552.3356
7000,1929.4271,103.6618,549.5862
8000,1363.6358,75.8259,548.6460
9000,1190.5866,67.6086,549.5360
10000,1742.5387,95.3998,549.2792
11000,1627.8451,89.6568,548.9553
12000,1887.9982,102.3288,550.1787
13000,806.7655,39.5915,550.3397
14000,1828.8288,98.6063,550.0443
15000,1517.4930,83.9922,546.2098
16000,1660.1038,91.3241,549.3199
17000,1401.7927,77.3552,547.7215
18000,1792.9850,95.5462,548.8016
19000,1721.4685,92.9257,549.7810
20000,1633.7104,89.0097,549.3685
21000,1975.9118,106.2495,550.2638
22000,1912.6896,102.6991,551.3512
23000,1974.0772,106.8642,549.6030
24000,1959.3865,105.2205,551.7490
25000,1883.7997,102.4518,549.8922
26000,1659.0189,90.6749,549.3020
27000,1907.4241,101.7079,549.9688
28000,1544.5582,85.6402,550.3544
29000,396.4602,12.0648,553.9049
30000,1986.7889,107.8388,550.8087
31000,1851.2306,100.8511,549.5825
32000,1819.1657,99.3345,550.0677
33000,1701.1515,92.7831,547.6387
34000,2038.4289,110.1619,551.0304
35000,2095.2327,111.9617,549.2757
36000,1475.1803,81.3166,549.3923
37000,1996.5305,106.4819,551.9534
38000,1924.1823,103.7572,550.8363
39000,2033.7850,109.1572,550.2523
40000,2245.3774,119.9603,550.1645
41000,2071.0309,111.4055,549.9714
42000,1921.7741,104.9628,551.3929
43000,2106.2741,113.6585,550.5016
44000,1304.3487,66.5244,549.7963
45000,2090.9705,112.5425,549.3291
46000,2111.9027,113.5611,549.6568
47000,2353.2128,125.1743,551.4072
48000,2245.8217,120.1835,551.7467
49000,2218.6681,119.7796,548.6703
50000,2224.7757,119.2927,550.6138
51000,2207.2649,118.5089,552.9515
52000,2211.2014,118.0087,549.9956
53000,2311.9489,124.0329,551.4046
54000,2135.0193,115.9205,549.6768
55000,2344.4762,125.3849,551.9469
56000,2230.4303,119.9636,551.6585
57000,1453.4840,76.1444,549.4798
58000,2339.6128,125.9599,553.3616
59000,2078.4955,113.1873,549.9176
60000,2494.2552,132.6270,552.3363
61000,2192.7249,118.6947,552.0655
62000,2449.9140,130.2744,550.4917
63000,2325.7273,124.2423,550.3827
64000,2302.2201,123.0065,549.8572
65000,2416.7984,128.9646,550.3988
66000,2427.9266,129.5983,551.8737
67000,963.0172,47.0388,550.6619
68000,2386.1327,126.7272,551.6961
69000,2709.8022,143.2681,551.4785
70000,2408.5028,127.9297,551.9525
71000,2442.3230,129.9133,551.6763
72000,2509.3903,133.0543,551.8899
73000,2328.0149,124.8256,550.9867
74000,2605.4689,137.7076,550.9624
75000,2647.3681,140.6105,551.4523
76000,2429.2961,129.4877,550.7536
77000,2534.7934,134.4307,550.7525
78000,2556.7612,136.7081,552.6825
79000,2597.6521,138.3076,549.5700
80000,2562.2020,136.1597,551.9278
81000,2264.2327,121.7319,550.9923
82000,2634.1139,139.8803,551.9804
83000,2683.1997,141.7630,551.1755
84000,2443.6081,130.1227,550.8812
85000,2583.2126,137.7649,551.7503
86000,2599.6710,137.8692,551.6895
87000,2464.1761,130.5002,550.8225
88000,2653.0865,140.9146,551.6509
89000,2469.5742,131.3144,552.1285
90000,2622.3762,140.0987,550.0329
91000,2702.0341,143.4157,551.2128
92000,2730.9771,144.2191,551.1628
93000,2799.3388,148.0488,552.9288
94000,2352.3798,126.6124,550.4114
95000,1992.2081,103.6369,551.3459
96000,2683.0916,142.5554,552.0600
97000,2758.1760,145.8663,552.0830
98000,2361.2631,124.5785,552.1925
99000,2419.4312,130.2928,551.7249
100000,2806.9113,148.6605,554.1347
101000,2760.6806,146.2369,552.0221
102000,2863.2988,151.3857,552.2166
103000,2603.8902,137.7291,553.9563
104000,2722.0570,143.7977,550.9087
105000,2797.5414,147.2783,551.8616
106000,2626.8656,139.9065,551.8507
107000,2959.2183,156.0341,553.8951
108000,2982.4870,155.7788,550.9998
109000,2681.7316,142.4522,551.7641
110000,2299.5403,125.0613,552.0262
111000,2867.3446,152.1355,550.0804
112000,2916.9719,153.0923,553.0584
113000,2778.8467,147.7299,552.7369
114000,2957.2752,155.0786,552.2983
115000,2822.8833,149.4729,551.6922
116000,2915.5439,153.5192,552.8136
117000,2923.5933,153.8441,551.0547
118000,2892.5061,152.0994,550.1794
119000,3203.9581,167.4693,552.0305
120000,3066.5982,160.8323,550.4207
121000,598.6021,23.5667,554.0533
122000,2594.5480,136.7666,550.7715
123000,2077.3211,107.5506,551.3001
124000,2887.3205,152.1453,552.9945
125000,3278.8745,170.3933,554.1644
126000,3157.4639,165.7264,551.4729
127000,3196.0927,168.2351,552.2816
128000,3372.1128,175.4875,552.2723
129000,3029.9734,159.7215,551.9379
130000,3028.2266,159.6146,552.5270
131000,3202.2035,167.6117,550.8526
132000,3155.9446,165.5656,550.8242
133000,3127.7489,163.8471,551.9584
134000,3197.9982,167.5560,551.4519
135000,3247.0875,170.2552,552.3873
136000,2868.5445,151.4005,552.5381
137000,3439.1770,178.8319,551.3078
138000,3190.4676,167.0574,550.9711
139000,3163.8766,165.9618,549.9446
140000,153.1492,2.1074,553.1759
141000,3255.8700,170.2481,549.4383
142000,3323.2093,173.0645,550.8454
143000,3244.0962,170.2869,552.1164
144000,2943.4307,153.6207,551.7895
145000,3267.0803,171.3356,550.2743
146000,3408.8472,177.6041,551.4709
147000,3303.3494,172.8923,552.8686
148000,3242.5426,169.7973,550.2614
149000,3617.2756,187.5970,548.5911
150000,3216.4768,168.7090,550.1897
151000,3602.5484,187.8186,550.1093
152000,2411.7146,121.9321,549.0812
153000,796.0510,35.2558,551.8871
154000,3579.9760,185.3572,548.0081
155000,3896.2801,201.4230,546.4783
156000,3264.9521,168.7715,549.0323
157000,4122.5559,212.5369,542.5272
158000,4003.2842,206.3789,543.1460
159000,3961.0707,204.6153,546.0784
160000,3873.2469,201.1128,544.8587
161000,4437.3927,228.0256,544.4111
162000,4261.6964,220.1789,543.6139
163000,1669.4592,82.9084,551.8837
164000,4153.3999,213.5981,540.4759
165000,4018.7379,208.3873,544.7569
166000,4061.7386,210.6797,545.2647
167000,4335.2865,224.0096,543.4919
168000,3991.2308,206.8905,545.1261
169000,3816.5558,198.9545,544.9772
170000,4511.3630,231.7467,542.1259
171000,924.5520,42.7498,551.9477
172000,1989.4883,99.1166,547.7439
173000,4255.6258,219.2606,541.5726
174000,4331.0093,222.8499,541.2440
175000,4277.1182,218.6209,544.0910
176000,4519.7011,232.7012,542.2953
177000,4403.5716,226.4681,544.4872
178000,4708.8090,242.4273,544.7205
179000,4556.9083,234.1305,543.1339
180000,4697.0404,240.7316,540.5787
181000,4499.7831,231.3920,543.6866
182000,4777.6395,244.6392,540.5601
183000,4785.3884,245.4092,539.2513
184000,4672.2519,240.6141,545.6228
185000,4078.7282,209.0596,545.7860
186000,4606.8401,237.0014,542.3025
187000,4814.8810,247.3598,542.6548
188000,4727.7892,242.6369,541.7407
189000,4861.1441,249.2283,543.0589
190000,4951.8890,253.5793,542.8383
191000,4963.8133,254.1059,543.6312
192000,4787.9252,246.3898,544.7887
193000,4520.4020,233.3397,545.4771
194000,4894.3051,251.6258,545.2587
195000,4808.1787,246.7908,542.7148
196000,4925.4850,252.6829,544.5675
197000,5031.2696,258.5230,544.3868
198000,4779.9601,246.0073,544.2165
199000,4634.3018,238.3348,543.6708
200000,5143.9974,263.1950,542.7203
201000,4949.7782,254.1814,544.8151
202000,5098.4983,261.6088,544.7023
203000,5007.1791,257.2482,546.2885
204000,5040.7527,259.5046,546.9752
205000,4971.5950,255.0732,545.8323
206000,5278.7276,270.4125,546.2914
207000,5000.0881,256.6649,546.6862
208000,5037.2299,258.7377,546.2798
209000,5122.6091,263.0847,546.0916
210000,1248.8650,59.0833,553.9887
211000,4938.8696,254.1442,545.8155
212000,5099.6958,261.9373,546.6312
213000,4979.7291,256.4263,545.5764
214000,4939.6215,253.8655,546.6524
215000,5084.5465,261.3240,548.5360
216000,5048.2679,259.2715,545.8928
217000,5263.9338,269.4699,545.9780
218000,4724.6064,243.8668,548.4842
219000,5084.2052,261.5289,547.6847
220000,5445.3944,278.3757,545.2623
221000,3937.7520,201.9681,547.7865
222000,5299.7721,272.0417,547.0054
223000,5286.1151,271.1955,548.5885
224000,5097.4484,261.3068,545.5819
225000,5046.2544,259.3010,547.8251
226000,5387.9678,275.8779,548.5423
227000,5451.1453,278.9390,548.9334
228000,4917.4114,252.7096,545.8447
229000,5187.2400,265.3165,545.9502
230000,5066.1946,260.0642,546.9999
231000,5315.1073,272.0401,547.9897
232000,5219.9259,266.9672,544.7586
233000,4931.8188,252.7748,544.9592
234000,5190.2247,266.0255,546.2662
235000,5421.8679,277.4023,546.3661
236000,5280.7386,270.8404,546.8857
237000,5450.2260,278.5536,548.1743
238000,5641.4704,288.2552,549.5453
239000,5485.5715,280.0106,544.5469
240000,5622.9165,286.8766,546.2924
241000,5457.3105,278.9962,546.5867
242000,5456.6082,279.3986,546.5105
243000,5575.2497,285.2055,545.2230
244000,3290.6588,165.6139,548.7129
245000,5035.0706,258.4308,546.1910
246000,5394.7481,276.3800,545.9463
247000,5485.9293,280.2288,547.8677
248000,5516.6809,281.6847,547.2848
249000,5756.3366,293.2106,545.0675
250000,5586.3512,284.9836,545.4840
251000,5633.7932,287.8641,544.3552
252000,5503.9153,281.2130,544.4208
253000,5740.1971,292.8078,545.7625
254000,5632.7315,287.2189,545.8527
255000,5365.3167,275.1355,547.9633
256000,5513.7403,282.1765,547.7183
257000,5690.1357,290.0305,543.0519
258000,4364.1636,223.2278,546.8360
259000,5257.8130,269.3332,544.8950
260000,5547.3777,283.1174,544.7139
261000,5704.3080,290.6687,544.9625
262000,5856.7125,298.2846,545.4006
263000,5810.0702,296.1649,545.8744
264000,5648.0178,288.1814,544.7702
265000,5536.2331,282.5705,545.1798
266000,5368.9764,274.9749,544.8717
267000,5508.1107,281.7925,545.1980
268000,5902.5199,300.5165,543.7583
269000,5767.3713,294.1828,545.1445
270000,5620.2921,286.3426,543.7029
271000,5719.1839,292.0780,545.6106
272000,5483.7033,279.9542,543.8940
273000,5814.4946,295.9340,542.7596
274000,5829.9878,297.2577,546.6602
275000,1675.6060,82.5044,551.1199
276000,5874.1293,298.6012,546.0861
277000,5801.5536,295.7587,543.8856
278000,5955.9515,302.5918,544.5525
279000,5994.0656,305.1946,545.7156
280000,3769.4716,192.2910,546.4536
281000,6098.9405,310.4567,544.3014
282000,5808.5623,296.2974,543.8576
283000,5851.5898,298.1713,542.0653
284000,5599.4039,285.9452,544.6033
285000,5938.5904,302.0487,544.4580
286000,5819.6189,297.1952,543.9990
287000,5596.2734,286.2385,544.7912
288000,5661.3868,287.9981,543.0398
289000,5802.7666,296.0445,543.6619
290000,6071.8965,309.1124,541.2861
291000,4721.1122,240.6204,545.8078
292000,6050.0499,308.0048,539.7256
293000,6026.4476,306.9517,542.3059
294000,6116.2386,311.6713,542.9909
295000,5895.5724,300.8271,541.1751
296000,6053.4945,308.7095,541.4459
297000,5976.9676,304.5137,541.8743
298000,6110.6144,311.1336,541.4527
299000,6094.8394,310.3891,542.3912
300000,5991.6182,304.7955,539.1182
301000,5932.4673,302.4464,541.0608
302000,5894.8473,300.9333,542.0701
303000,5933.8999,301.9731,540.3503
304000,6123.5784,311.7230,540.3395
305000,5987.0465,305.5662,542.0821
306000,6050.7040,308.6074,541.5832
307000,6006.0326,305.6984,540.4847
308000,6061.3159,309.1427,540.5235
309000,6405.4884,325.3445,538.6656
310000,6017.0817,306.3422,540.7676
311000,6251.9347,317.8602,537.8477
312000,6252.3519,318.4115,538.6306
313000,6195.2853,315.9212,539.8845
314000,6054.5366,308.5769,537.6662
315000,6395.5969,324.8673,535.0799
316000,6289.8652,319.7177,535.9637
317000,6597.7878,335.3343,535.7358
318000,6517.2978,330.8722,534.2375
319000,5973.4619,304.7471,535.8341
320000,6195.7281,316.0376,537.2769
321000,6348.1565,323.2250,537.8902
322000,6246.9154,317.8633,537.1965
323000,6255.0830,318.3581,535.7216
324000,6846.4060,347.3418,535.8748
325000,4791.8273,243.6586,538.4976
326000,5243.8984,266.0559,539.0364
327000,5576.8100,283.3973,538.7736
328000,6256.7754,319.4089,537.2324
329000,5293.7760,271.9077,542.3179
330000,6677.7739,340.2289,533.7526
331000,6721.0069,342.0432,535.4170
332000,6425.1968,327.7523,537.4721
333000,6783.7647,345.2244,534.2842
334000,6477.6811,330.5485,537.7681
335000,6546.9505,333.6808,539.7607
336000,6767.5995,344.0163,535.4051
337000,6819.4884,347.3027,536.5114
338000,6714.4042,341.3530,535.5534
339000,6087.2155,310.7410,533.6299
340000,6817.4242,347.2937,535.1885
341000,7151.5587,362.8653,531.2603
342000,5027.4023,255.0055,538.9001
343000,6832.4598,348.0438,535.4295
344000,5155.7659,261.5954,537.9760
345000,7191.4543,365.0825,532.0048
346000,6895.0954,350.3304,533.2171
347000,6617.1525,336.4292,533.9228
348000,5906.6092,301.0492,535.9052
349000,6949.9979,352.4323,531.7248
350000,6958.0107,354.0744,534.8955
351000,6509.1316,331.7194,531.5650
352000,7052.7965,358.8738,529.3997
353000,6761.8064,344.6862,534.3270
354000,7356.2461,373.8684,530.6439
355000,7172.5071,364.1489,530.1156
356000,7303.7260,371.0101,532.7040
357000,3041.4242,150.5614,546.0129
358000,7015.0552,356.3037,531.4832
359000,7397.9304,375.6526,532.7674
360000,7235.8123,367.8660,533.4754
361000,6811.9770,346.8257,532.2896
362000,5542.8998,280.7402,537.5787
363000,7003.7364,355.7639,529.2760
364000,6906.9099,352.0131,531.2582
365000,7040.7785,358.3830,531.2548
366000,7670.3025,388.7550,527.3142
367000,7693.3860,390.5633,529.5415
368000,6818.0514,346.7926,528.3344
369000,7237.1972,368.2600,530.3369
370000,7314.1341,371.4876,530.0157
371000,6856.4342,349.2676,528.9924
372000,7230.7154,367.8158,527.0809
373000,7082.7683,360.3835,531.1226
374000,7259.7381,369.7956,531.7129
375000,7068.2256,359.8717,529.3979
376000,7027.6534,357.4938,529.6463
377000,7042.7559,358.5908,531.9914
378000,7645.9045,388.3473,527.7909
379000,7523.3854,382.3721,528.2073
380000,7492.5705,380.7564,530.2195
381000,1734.6091,79.6215,549.7716
382000,7389.8173,374.9749,527.5819
383000,7544.6971,383.0487,530.4129
384000,7321.1213,371.7932,528.9400
385000,4385.9383,222.3578,540.4377
386000,6337.5374,321.6802,532.8855
387000,7642.0220,388.0296,529.8075
388000,7263.4904,369.5841,530.8276
389000,7522.6424,381.4942,530.1261
390000,7398.9662,376.5459,531.3323
391000,7410.2976,376.6725,530.3579
392000,7867.1573,399.5638,528.7349
393000,7623.3870,387.3355,530.8465
394000,7399.9560,376.1354,534.4781
395000,7391.2543,375.9234,530.3678
396000,7746.1757,392.7484,528.3359
397000,7509.9865,381.0937,531.5913
398000,7875.0077,399.7827,526.0834
399000,7013.9345,357.9068,531.9016
400000,7601.7547,385.9901,529.0433
401000,7759.0206,393.6557,527.9606
402000,7941.9363,403.3236,530.6085
403000,7014.4128,357.6651,532.3559
404000,6092.6525,309.1821,532.3931
405000,7104.0630,361.5716,528.3857
406000,7632.8242,388.1879,530.7891
407000,7602.3921,386.0440,529.8616
408000,7726.6671,392.3016,530.3929
409000,7529.0962,382.9644,530.3787
410000,7720.6945,391.8084,526.5186
411000,7759.4960,394.4706,528.9451
412000,7553.5056,384.4465,529.9711
413000,7723.1781,392.1914,530.5799
414000,7745.6468,393.1592,528.2036
415000,7799.5505,396.5520,530.9175
416000,7910.1685,401.5120,526.8703
417000,7896.5670,400.6022,528.1434
418000,7875.7319,399.7410,529.0340
419000,225.9989,2.8374,555.2620
420000,7652.8149,389.2099,529.3915
421000,8125.5305,412.4678,529.3935
422000,8056.1812,408.9550,531.3533
423000,7943.6601,403.6249,527.3800
424000,8180.8085,415.1368,528.4820
425000,7962.6627,404.8011,529.1872
426000,7350.3400,375.4025,530.8093
427000,7917.9106,402.7396,527.6347
428000,929.9128,41.0756,550.9095
429000,7186.7485,365.1263,529.3419
430000,7330.7929,373.1701,529.7426
431000,7464.8663,380.3498,532.5680
432000,7973.6225,404.7500,529.4606
433000,7305.1091,371.0628,529.5972
434000,8043.0128,408.3338,527.7634
435000,7649.2573,389.1930,529.7015
436000,7810.6922,397.9417,532.1879
437000,6240.3816,321.5805,538.0788
438000,8126.1426,413.3070,525.8540
439000,8165.6019,414.8319,530.4934
440000,8001.9028,405.8851,527.0598
441000,7405.0240,377.2580,531.0027
442000,8065.4111,409.9934,530.6986
443000,3683.7194,184.6100,542.7611
444000,8191.9302,415.8756,527.0341
445000,7990.2480,405.5837,528.1572
446000,7873.1062,400.2756,527.7340
447000,8065.5190,409.7468,526.8340
448000,7870.5377,399.9008,528.7236
449000,7974.5150,405.1951,525.5755
450000,5986.6379,304.3617,537.1496
451000,7904.2841,402.4765,530.1517
452000,274.5966,3.1742,554.9138
453000,237.2399,1.9411,555.0937
454000,7928.4907,402.9933,527.5088
455000,4218.8866,212.0977,541.0627
456000,5669.4431,292.6932,539.3008
457000,8206.0577,416.5392,528.0095
458000,7497.6237,381.6676,531.5235
459000,8172.2850,415.3987,528.6423
460000,7889.6903,400.9602,529.4636
461000,6525.9703,332.9581,532.9847
462000,3580.5120,177.7112,542.0050
463000,7710.1059,392.2170,529.5824
464000,7927.3853,403.0177,529.1083
465000,8245.2640,419.0127,526.0250
466000,8154.7270,414.4445,528.5662
467000,7863.6446,400.3225,530.9788
468000,8307.1557,422.7052,530.2913
469000,8321.2018,422.6506,526.0505
470000,7256.8765,369.5162,531.7773
471000,8188.6117,416.5519,533.2944
472000,8029.5138,408.6205,529.3996
473000,8066.2496,410.1899,528.2888
474000,7904.2933,401.8806,527.6842
475000,7504.0380,382.3263,530.7271
476000,7658.1685,390.6628,530.9110
477000,7962.7593,405.3787,531.8811
478000,7392.8979,377.0943,530.1439
479000,8105.7086,411.9420,528.1194
480000,7745.4624,394.0001,527.3904
481000,8085.8516,411.6786,531.4545
482000,8178.4724,416.0178,529.7926
483000,6414.5353,326.8108,534.8183
484000,8128.4249,413.2987,527.8551
485000,8151.4764,414.2361,529.8601
486000,7970.4205,405.8036,530.2326
487000,8406.5248,427.0364,528.3850
488000,7984.3217,406.2998,528.3563
489000,8148.3848,414.2843,530.1860
490000,6434.9844,325.1875,534.7555
491000,8384.9973,425.8076,530.1444
492000,7506.1238,383.0837,531.2514
493000,7529.3492,383.7428,530.4400
494000,7860.4731,400.4834,530.3363
495000,8480.7925,431.6710,530.1656
496000,8178.6597,415.7432,529.5285
497000,8299.1225,422.4359,532.0056
498000,8140.4729,414.3079,530.5230
499000,8420.3394,428.1798,531.5220
500000,8374.2268,425.7078,529.4435
501000,8305.3176,422.8588,530.5951
502000,8370.0545,425.8297,531.4301
503000,8013.2233,408.6572,530.5958
504000,8233.3693,418.9412,528.9898
505000,8182.1212,416.5490,531.8691
506000,8263.7687,420.2132,529.8155
507000,8173.2464,416.1422,530.8923
508000,8163.1637,416.4910,532.2028
509000,8679.2291,441.2967,529.7261
510000,7874.8370,401.1608,529.5624
511000,8198.2197,417.5975,531.3561
512000,8254.1981,420.5007,533.5978
513000,8199.7353,417.3262,530.1153
514000,8033.9858,409.3502,532.1555
515000,8426.2509,428.5811,525.6524
516000,8484.3582,431.8829,529.8064
517000,7942.1667,404.9252,529.6847
518000,8275.9598,421.0091,529.5838
519000,8135.6881,414.0517,529.0722
520000,8499.6906,431.9928,526.4681
521000,8707.8916,442.7295,528.8480
522000,-69.2596,-9.8513,556.2507
523000,8544.1503,434.2456,528.2678
524000,8284.8580,421.9449,526.1835
525000,8458.3348,430.2531,527.6266
526000,175.1817,1.1078,556.7551
527000,8471.6877,430.9923,527.5501
528000,8554.3700,435.1355,527.7367
529000,8561.0679,435.3398,528.0092
530000,8636.0992,439.7372,525.3680
531000,8791.3938,446.9488,527.4847
532000,8928.9656,454.2067,529.9850
533000,8131.8759,413.7154,525.6638
534000,8650.8621,439.6430,523.1855
535000,8856.4584,449.9575,525.2004
536000,8102.4649,412.5659,528.6974
537000,8731.4776,444.5410,528.3911
538000,7839.7257,398.9200,528.2993
539000,8865.3660,450.5032,522.7942
540000,8901.1322,452.7126,525.4553
541000,6763.5705,346.9141,532.8556
542000,8521.7021,433.3022,520.9207
543000,-280.5720,-19.3169,553.8396
544000,8860.5968,450.0528,522.1311
545000,8412.8652,428.0096,522.8681
546000,8756.4752,444.9601,521.8223
547000,8089.3725,411.4795,520.1510
548000,8734.1040,444.6290,521.4618
549000,383.7009,14.9438,552.0701
550000,9264.3458,470.0171,518.3613
551000,9129.8934,463.2027,518.6382
552000,8475.8154,430.7768,521.1839
553000,8982.2252,455.4780,517.4644
554000,6936.5672,352.9890,526.1828
555000,8922.5332,453.3807,520.9260
556000,8419.4418,427.7002,516.6243
557000,8395.1026,426.4735,519.5300
558000,8891.6025,451.3309,519.7126
559000,8602.3065,437.0551,519.5453
560000,8623.5369,438.6420,521.3421
561000,7930.1422,403.1849,519.1144
562000,8876.1332,450.9710,519.3760
563000,8694.2210,441.7195,516.2305
564000,8647.3235,439.6765,520.2564
565000,8669.9431,440.8646,522.8831
566000,9197.2820,466.9470,519.3207
567000,9041.0941,458.9330,520.2181
568000,8836.2060,449.1875,519.0861
569000,8678.7003,440.5449,517.0929
570000,5986.1528,301.2859,533.4638
571000,9063.4377,460.6962,520.9245
572000,8868.0659,450.3401,517.4800
573000,7484.0204,382.2647,528.3591
574000,8746.1413,445.8016,524.5775
575000,8545.8041,434.1311,518.7299
576000,134.3600,-0.2874,555.2963
577000,9139.4652,464.0989,521.2884
578000,8778.2086,446.4729,519.4889
579000,3031.5802,147.0085,544.6613
580000,8606.5915,438.2590,524.0565
581000,8962.6460,455.7873,519.7621
582000,7689.7647,391.0688,525.5610
583000,8761.7844,445.1253,522.4290
584000,8445.3455,429.4009,520.7047
585000,9088.1446,461.8552,521.9157
586000,9240.7627,468.8026,516.7480
587000,8993.2502,456.8707,518.2701
588000,292.1527,4.4040,555.8195
589000,2361.8558,112.0510,545.3491
590000,8963.2368,455.2951,518.3584
591000,9314.0373,473.1248,520.8670
592000,8421.9295,428.3717,518.3522
593000,5796.9940,296.9548,531.2221
594000,8915.1314,453.2121,520.1092
595000,8708.0460,443.3895,519.4301
596000,8752.0511,444.6229,514.7745
597000,8343.9171,424.1188,519.8906
598000,9318.4115,473.7325,518.7064
599000,8489.6921,432.0881,521.8986
600000,8725.2466,443.4118,518.1759
601000,9021.5473,457.7098,514.9003
602000,9330.6570,473.1275,515.0554
603000,8988.9753,456.4394,517.8577
604000,8904.9604,452.4164,516.4686
605000,5280.7021,275.2779,533.3399
606000,9535.9383,484.0237,515.1666
607000,41.5473,-3.5035,553.8949
608000,8876.5270,451.3660,520.4106
609000,2866.2620,157.2047,546.1348
610000,4920.4362,249.5999,534.2441
611000,8649.6633,440.1347,519.6867
612000,9108.8686,462.2737,514.9273
613000,9085.9986,461.8887,520.9458
614000,8917.2739,452.9573,517.8490
615000,5900.7530,300.2996,529.4512
616000,9256.1521,469.4894,514.2621
617000,8083.9136,412.3615,522.3806
618000,9329.5537,473.3547,515.7794
619000,7808.5614,397.5357,521.7232
620000,9930.4674,503.6749,516.1770
621000,8944.4366,454.7092,520.0573
622000,8823.4554,448.3369,514.2401
623000,9625.6814,488.0446,511.5157
624000,9346.1317,474.0330,514.1202
625000,9370.9574,475.8767,517.8801
626000,8735.3711,445.1989,522.1665
627000,8773.0698,446.7177,519.7501
628000,8447.9735,429.0705,517.1812
629000,8787.7593,446.6113,516.2459
630000,8618.9788,437.5854,518.0362
631000,8762.2577,444.7179,515.3698
632000,9073.5852,460.8484,519.4195
633000,9101.3833,463.1022,519.4753
634000,9116.9930,462.8704,515.0052
635000,9114.6635,463.4308,517.2664
636000,9055.5560,459.7463,514.6809
637000,8457.9890,430.1405,519.3059
638000,8966.8664,455.5429,516.0604
639000,9011.5617,457.8595,515.8156
640000,9314.7328,473.0843,514.6463
641000,9182.9895,466.2792,516.9125
642000,9602.4648,487.4442,513.6928
643000,9274.0713,470.8620,516.0044
644000,9014.2252,457.5238,518.2832
645000,8985.1458,456.7282,516.1666
646000,9352.1978,475.1577,515.9478
647000,9700.2573,491.6863,512.0438
648000,6833.3395,346.0474,528.1117
649000,2541.7185,122.5472,543.3374
650000,5233.8000,266.9485,532.7930
651000,9023.1021,458.5089,519.0783
652000,9183.2701,466.9911,519.4497
653000,400.8974,10.7496,553.8832
654000,6632.8347,337.2045,528.5421
655000,9362.1278,475.3201,515.8042
656000,74.2697,-3.1868,551.9262
657000,81.5422,-3.6469,554.5518
658000,8409.7641,428.3563,520.3845
659000,6366.6033,326.3159,530.5811
660000,4872.7575,244.6416,538.2989
661000,97.4774,-1.5797,555.2047
662000,8592.5765,438.0099,521.3512
663000,4209.7065,210.0847,535.8451
664000,8420.3102,427.8398,513.7203
665000,8552.6927,435.8396,521.4071
666000,8487.3016,430.9588,522.3226
667000,9472.7304,480.9388,519.9460
668000,9226.5437,469.0846,518.7416
669000,9295.4566,472.6811,519.2144
670000,9242.5593,469.8085,520.4898
671000,7025.0824,358.6078,525.9595
672000,9321.0151,474.2227,518.0869
673000,9086.8634,461.9571,518.2096
674000,9291.2041,472.5869,520.0046
675000,230.3039,5.7988,553.0635
676000,7837.2107,399.9867,522.1634
677000,9244.7824,470.1324,517.7076
678000,1810.0617,86.9287,548.0486
679000,9219.6580,468.2884,516.6046
680000,9180.3482,466.9982,520.1797
681000,9100.8115,462.8230,516.9715
682000,8633.0852,439.6098,520.0103
683000,9355.8967,474.5447,511.0206
684000,7159.4646,363.2892,527.1829
685000,7575.7039,388.5034,520.4533
686000,9342.1615,474.1708,514.9531
687000,3683.0922,184.1027,540.0791
688000,6786.1853,344.9969,527.1338
689000,9223.3003,468.8532,515.8484
690000,8330.8732,422.9289,519.7365
691000,2667.5488,130.2948,545.3378
692000,410.3789,13.8865,555.1312
693000,9492.4773,481.9477,511.0796
694000,8686.7934,442.3709,517.2900
695000,9354.1223,474.3580,507.4324
696000,8849.7468,449.5641,515.8899
697000,8940.7818,454.1829,511.1772
698000,8382.9036,426.1658,517.1229
699000,8713.3829,443.3073,513.7832
700000,9371.2752,475.7069,511.4236
701000,9018.7152,458.1552,507.0717
702000,9381.9493,475.3681,507.3339
703000,8341.1100,425.4813,518.1528
704000,7754.8301,396.9118,516.6043
705000,7209.7836,370.1042,519.6430
706000,8843.5023,449.1841,513.8746
707000,9176.6887,465.6398,512.0672
708000,9860.8615,500.0940,509.1328
709000,9741.7144,493.5058,511.2862
710000,9283.8351,471.2819,512.7052
711000,103.0747,-0.3575,554.3333
712000,9140.5187,464.3207,509.4947
713000,8238.0801,419.3339,514.2139
714000,9753.6413,494.4448,512.2834
715000,6503.4129,335.4232,523.4088
716000,8710.4205,443.1161,515.9984
717000,7716.0410,392.9024,521.7555
718000,9424.3125,478.2508,517.4295
719000,9227.8773,468.6642,516.2227
720000,8546.1911,434.4092,516.3582
721000,9208.4678,467.0294,514.6565
722000,8803.6309,447.2093,518.0182
723000,9521.7986,483.8591,516.4021
724000,8745.9173,444.4664,512.7345
725000,9220.2392,467.6149,512.3345
726000,8973.4820,456.1746,515.9412
727000,7002.5514,359.3711,521.5596
728000,2132.7747,104.1581,544.4790
729000,8075.8005,411.9663,521.0945
730000,9449.2507,479.3300,512.2448
731000,8500.9501,431.1595,513.7498
732000,199.6730,2.0395,554.4030
733000,954.6275,63.1694,550.9982
734000,9041.3473,458.9005,509.7820
735000,8028.0535,406.5863,518.7032
736000,254.3441,3.6887,554.7501
737000,9816.9506,497.5433,511.3502
738000,9160.0666,465.3292,517.3045
739000,9404.0084,477.3236,513.1051
740000,2338.7309,114.6559,545.0456
741000,6870.0108,350.8779,522.5507
742000,8786.5074,446.3664,518.9078
743000,8455.5112,430.3936,515.5678
744000,2097.8468,119.6514,542.0666
745000,9067.5669,460.5109,511.7131
746000,9915.6634,502.4711,506.0461
747000,9445.7467,478.6136,504.9653
748000,9296.0155,472.3351,514.5579
749000,9601.8469,486.8169,508.2295
750000,9870.9267,499.8700,510.3119
751000,9206.4367,466.9746,510.5949
752000,9087.4482,461.1318,510.0643
753000,9581.6783,486.0691,507.6417
754000,8016.8722,406.8442,519.5926
755000,7230.7777,364.5407,524.4661
756000,9003.3964,456.7824,507.4220
757000,9192.6256,466.5647,513.0072
758000,8243.9269,418.1236,514.2154
759000,9604.4039,486.8233,507.3706
760000,1664.3108,80.3473,546.9881
761000,9672.3508,490.2452,507.6621
762000,9205.7255,467.0932,510.0125
763000,7172.7130,364.7160,518.5117
764000,9760.6352,494.7156,513.8685
765000,150.3772,1.6834,554.0634
766000,9088.1704,461.4140,509.7599
767000,9352.1936,474.2269,507.6906
768000,10110.9626,512.0382,506.7336
769000,9592.4496,485.7010,505.8913
770000,8703.4357,442.5905,515.6839
771000,9867.1196,499.9395,508.9223
772000,7427.1661,378.6317,521.8409
773000,9127.5054,463.2449,513.3278
774000,9399.8929,476.9958,509.3486
775000,8971.7151,456.1173,513.8717
776000,7612.9704,387.8080,522.2640
777000,7855.1483,399.1212,515.0366
778000,9920.5273,503.1131,509.1668
779000,9195.5749,466.6516,509.7719
780000,9167.9547,465.4946,512.1178
781000,8352.2557,425.1362,514.1703
782000,8776.0542,445.9970,511.1321
783000,9654.7206,489.5108,510.2926
784000,9642.3893,489.5624,510.8676
785000,9541.7671,484.3883,510.7000
786000,9397.6778,477.0949,509.0666
787000,8939.2498,454.3987,514.4290
788000,7898.7427,402.2124,512.3377
789000,9215.9746,468.0493,511.4306
790000,9182.4287,466.2420,512.2327
791000,9914.0977,502.7134,505.2540
792000,5773.0424,295.0083,526.0242
793000,7184.4175,364.2513,519.3796
794000,5246.3527,266.8292,528.4377
795000,9678.7027,491.1407,507.7955
796000,9908.6133,502.2514,507.3971
797000,8195.7460,417.0259,512.1316
798000,10365.3783,525.0412,504.4118
799000,7926.9650,403.5452,515.6846
800000,9260.5022,470.0406,505.5057
801000,9347.3899,474.1333,505.2687
802000,9572.9348,485.1474,502.2777
803000,9599.5015,486.5634,505.1750
804000,9962.3696,504.9459,507.7616
805000,9213.3929,467.3223,508.4087
806000,10221.5909,518.3097,504.6960
807000,8995.5395,456.1214,511.0396
808000,9899.0152,501.6828,505.5936
809000,9946.4289,503.7836,505.6005
810000,9272.6199,470.6466,507.7993
811000,10066.5498,510.0519,506.2299
812000,9817.9889,497.9217,506.9185
813000,10092.6684,511.4635,507.7352
814000,9373.9462,475.7754,506.9586
815000,9687.4359,491.0493,505.2537
816000,9364.4857,475.0757,505.6853
817000,10048.7394,508.9449,504.0694
818000,9915.6874,501.6279,501.2961
819000,8887.9007,451.7771,507.2024
820000,9796.6679,496.5651,506.1177
821000,9818.2705,497.5490,505.2439
822000,9945.3854,503.9797,504.6243
823000,10021.0568,507.6570,503.4532
824000,9791.2139,497.1036,507.6657
825000,9478.5849,480.6778,505.2471
826000,9637.3964,488.2744,503.6508
827000,10213.1935,517.4279,501.8711
828000,10028.4987,508.4509,506.7150
829000,9534.3791,483.2926,504.6398
830000,23.0021,-4.2314,554.0210
831000,9995.0633,505.7268,499.0815
832000,3334.2539,166.7491,537.0892
833000,10046.8133,509.6100,508.0347
834000,6129.1702,308.8571,518.3430
835000,10031.2425,507.4702,502.1525
836000,9948.2903,504.6938,504.3406
837000,9900.2496,501.5861,502.2143
838000,10205.6231,516.5009,501.5892
839000,9667.0689,489.8157,501.0324
840000,-326.5967,-18.4297,553.4604
841000,7954.6106,403.1161,511.6651
842000,7458.9656,379.9978,511.6258
843000,10131.9204,512.8968,503.6470
844000,10083.1138,510.9520,501.2228
845000,9660.1778,489.6505,500.7106
846000,9827.8712,498.4443,504.3392
847000,10371.5333,525.7185,503.4232
848000,10287.9961,520.6519,496.1171
849000,9668.8618,490.4096,503.9075
850000,1539.4034,87.7842,546.3416
851000,3472.6321,170.3633,536.0839
852000,10372.4558,525.2005,501.8359
853000,10039.7937,508.5641,504.7428
854000,9445.9218,479.5151,505.5900
855000,4665.1738,235.0943,532.6116
856000,10193.7794,516.3113,498.7696
857000,4916.4610,248.5973,527.8159
858000,10380.9627,525.7495,499.7241
859000,10216.4388,517.9082,503.9774
860000,10353.6793,525.1249,505.8871
861000,10047.8705,509.2006,500.8867
862000,10256.5966,519.5866,500.5033
863000,10262.5673,519.4990,500.4095
864000,8750.7965,444.5814,506.3326
865000,8902.1284,452.1735,504.7500
866000,9881.1889,500.4156,501.0704
867000,9576.6867,484.9638,503.0498
868000,8690.6676,442.4533,514.1986
869000,9427.5126,478.7402,509.6744
870000,8184.6280,415.4413,512.8580
871000,8639.6557,438.7528,508.8370
872000,9615.9576,487.8609,506.5961
873000,9700.8693,492.4567,507.7570
874000,9464.7803,479.8437,508.2035
875000,10158.8771,515.1600,506.0546
876000,8185.8297,415.3502,511.3216
877000,7172.8750,362.5973,519.4279
878000,6997.1460,359.4718,519.8006
879000,9399.6893,477.3919,506.8861
880000,9863.8035,500.1340,509.0152
881000,9496.5241,481.7414,511.7401
882000,8368.8433,424.5748,510.9873
883000,10672.2479,540.4160,499.2254
884000,10090.7552,511.3972,502.6260
885000,9852.9567,499.8907,507.6095
886000,9778.2843,495.9437,505.5746
887000,10495.5863,532.3521,502.9656
888000,8598.2627,435.6399,506.4115
889000,10483.5614,530.6520,502.6739
890000,9802.1414,496.2693,499.0254
891000,10289.1377,521.2692,501.3120
892000,10671.1324,539.7607,495.4060
893000,9557.9409,484.8765,506.2053
894000,5287.3475,265.2318,528.9230
895000,9998.9099,506.2692,500.0955
896000,9793.4201,496.3142,501.8469
897000,10473.3589,529.9820,495.2956
898000,10439.3824,528.8777,496.4783
899000,10120.6913,512.6914,501.0867
900000,9057.4023,459.1880,505.1273
901000,5929.7436,301.0320,527.2485
902000,10160.7230,514.8783,503.5166
903000,10749.3604,543.9677,501.6908
904000,7978.1421,406.7187,513.0911
905000,10232.0206,518.1590,503.6246
906000,9893.6433,501.4398,502.9171
907000,7171.4636,364.0292,520.9430
908000,9699.9371,491.2744,505.1738
909000,9603.2279,487.1974,507.2255
910000,10660.7876,539.0560,498.9261
911000,10178.8716,515.5024,502.2445
912000,8699.5682,442.0186,510.7445
913000,10770.8445,545.5955,505.7751
914000,10591.1264,535.9670,501.8762
915000,10360.1980,524.8510,500.2179
916000,8883.8534,451.1084,506.0506
917000,10382.1088,525.5262,499.6311
918000,9764.8896,495.2640,504.0831
919000,9608.7403,486.9570,502.0910
920000,8580.7689,437.0520,513.2171
921000,10469.7916,530.4431,499.0078
922000,10168.0428,514.5661,498.0140
923000,10414.2569,527.2072,501.8884
924000,10484.4415,530.6892,501.5603
925000,10326.2755,523.5971,505.5063
926000,10529.1844,532.9377,500.9585
927000,8949.2773,453.4281,509.5978
928000,7361.0525,372.0971,521.7671
929000,10222.1159,518.2584,503.9413
930000,10529.8301,533.7983,503.4453
931000,7486.3640,381.2871,514.8993
932000,10278.0289,520.7981,500.6479
933000,10177.6251,515.2557,500.9415
934000,9406.0594,477.1355,501.2234
935000,65.2239,-1.0368,554.4114
936000,9928.2343,503.1364,501.9295
937000,10079.6375,510.8911,502.6414
938000,6481.0662,331.5886,522.8019
939000,8788.3797,445.5680,508.2288
940000,10217.3925,517.2386,502.7985
941000,9790.1984,496.2844,497.3986
942000,10133.5415,513.0798,497.3985
943000,9141.7214,462.6868,502.3603
944000,10146.7138,513.5105,495.6100
945000,10068.2779,510.0812,500.0860
946000,10570.0662,535.1810,498.5986
947000,6322.0469,322.0047,520.8259
948000,9728.7054,494.2911,506.6040
949000,10107.9635,511.8130,500.1709
950000,10373.4457,525.1889,497.5404
951000,10181.0438,515.7345,501.1381
952000,9656.9942,489.7572,500.9017
953000,9078.7266,460.7924,506.1030
954000,10520.0693,532.8076,499.6449
955000,10810.5365,546.7046,495.2220
956000,9939.2256,503.5973,500.9699
957000,10559.6003,534.9203,496.1478
958000,10482.9451,530.9473,500.2252
959000,10796.6527,546.1644,497.1166
960000,8480.4871,428.0734,509.9980
961000,7025.9309,357.9697,517.0621
962000,9769.6414,495.4653,504.1473
963000,9631.2274,489.1753,503.7761
964000,9076.8757,460.1523,504.6894
965000,10785.9849,545.6725,495.7989
966000,9811.6463,498.0591,501.5259
967000,6256.5604,323.6065,523.8359
968000,9052.8389,459.3133,505.2336
969000,10054.5320,509.7521,497.7272
970000,9598.7447,486.7509,509.9359
971000,10070.9071,510.6146,499.4832
972000,11042.4052,558.8727,498.1871
973000,10527.5588,533.8346,501.2554
974000,10718.9749,542.8107,503.3025
975000,3841.2377,193.6807,535.2316
976000,10132.8989,514.2580,508.6135
977000,10467.0019,530.6161,499.6967
978000,9339.7418,473.3299,506.0102
979000,10192.0983,516.3091,497.9072
980000,10380.4939,526.0835,505.3706
981000,10551.8565,534.4878,502.5158
982000,10663.7076,540.0904,499.6109
983000,8912.2128,452.6187,510.9050
984000,8146.9218,413.1941,510.2632
985000,10763.5288,545.0453,500.6232
986000,6790.9062,345.7383,523.7862
987000,10951.4593,554.5865,500.1737
988000,10184.8681,515.5782,497.4718
989000,9953.9122,504.2914,501.5035
990000,5602.4266,284.1172,527.5894
991000,9889.7189,501.0452,499.6209
992000,9019.8176,458.2413,505.6839
993000,9710.5053,492.0432,503.9471
994000,10400.0930,526.1195,495.3521
995000,10497.8053,531.3597,501.4584
996000,10354.6271,524.5933,498.3001
997000,9832.0047,498.0308,502.8826
998000,10291.7683,521.2005,501.8665
999000,10232.9248,518.2390,501.3241
1000000,10380.1048,525.0338,496.5129
