timestep,reward,distance,control_cost
1000,-290.0254,-0.9176,504.4516
2000,-394.4050,-3.0222,548.4493
3000,-390.5461,-2.2965,546.2742
4000,-274.8884,3.3009,544.6785
5000,-203.4889,6.3670,543.7947
6000,47.1937,18.2154,546.5522
7000,-148.0144,8.5102,545.9484
8000,-240.5187,4.4609,539.9425
9000,-577.3206,-11.9431,540.1519
10000,-87.3642,11.9395,539.8542
11000,-383.6529,-3.9344,549.9092
12000,143.4227,23.8346,541.8841
13000,-139.5865,10.0966,539.0917
14000,-71.6649,13.1342,542.9144
15000,85.8387,20.6542,544.2098
16000,-254.9240,3.5590,538.6304
17000,-167.7834,8.1628,541.6384
18000,-206.7524,6.4434,549.4050
19000,-186.3266,8.0346,546.0311
20000,-110.0125,11.6025,547.8117
21000,340.1242,33.8438,543.9421
22000,321.3814,33.0208,546.0487
23000,-6.6573,16.4023,546.8440
24000,646.1867,48.8737,545.8086
25000,874.4418,60.2096,547.4552
26000,932.7965,63.4852,548.5868
27000,851.9008,59.1419,549.0982
28000,931.7999,63.5577,549.9092
29000,1115.1051,72.6478,551.4251
30000,1267.4265,79.7551,551.1410
31000,1053.9402,68.9974,548.9756
32000,1161.4490,74.3425,550.1254
33000,1228.1260,77.6943,550.3579
34000,1196.8361,76.3170,551.7364
35000,1463.8385,89.2177,549.3590
36000,801.2275,56.8650,550.9012
37000,-324.3509,1.6744,551.8282
38000,287.5131,31.2159,552.4076
39000,-5.1171,15.2088,550.1233
40000,1758.1068,103.4717,551.0856
41000,1299.5047,81.2435,550.3876
42000,1380.0682,85.1197,550.4263
43000,1697.2349,100.5540,550.2811
44000,1322.3701,82.2185,553.0353
45000,1546.1561,93.3466,552.6296
46000,-128.0174,9.8530,551.3446
47000,-226.2444,4.7848,552.3162
48000,1405.0619,86.6554,551.5139
49000,1751.9268,103.5238,552.8891
50000,1582.3156,95.2775,551.7717
51000,1836.1153,107.4146,552.4591
52000,1407.8454,86.6613,550.7584
53000,1603.6264,96.0943,551.8300
54000,1806.3122,106.2709,553.1580
55000,1786.6237,105.1018,550.7982
56000,1859.6617,108.8156,553.4971
57000,1486.5469,90.6163,553.4148
58000,1854.7431,108.4780,553.0467
59000,1806.2474,106.0485,552.9780
60000,1966.0885,114.1360,553.8916
61000,1848.6050,108.1804,553.1127
62000,1628.0442,97.4317,553.0238
63000,2090.4420,120.0156,552.4544
64000,1650.3116,98.4242,551.7825
65000,1767.2589,104.2580,549.8811
66000,1879.8637,109.6885,553.1861
67000,-351.3969,-0.0243,552.3949
68000,-626.1957,-13.4074,552.9648
69000,18.1838,17.9849,554.4745
70000,-185.4292,7.8861,552.6526
71000,-312.1789,0.8054,553.6975
72000,22.4714,17.0342,551.7041
73000,-348.0465,-0.0176,553.4467
74000,-142.7143,9.5583,553.8173
75000,-142.1578,8.6349,554.6268
76000,-157.7549,7.9414,553.5113
77000,-135.2392,9.4217,554.0126
78000,-72.6072,12.2143,554.1790
79000,82.2241,20.2926,552.8472
80000,36.3360,18.2229,554.5797
81000,-106.4342,11.3328,553.5425
82000,-57.0018,13.8937,553.7552
83000,2.1555,16.2875,553.0985
84000,-137.2488,9.6872,554.7659
85000,-146.1424,9.6894,553.9421
86000,-220.1437,6.0515,553.2190
87000,-362.2796,-0.6540,554.1746
88000,-123.7702,10.8160,551.8384
89000,12.4972,17.8641,551.7626
90000,1257.1985,79.3097,551.6690
91000,2033.9329,117.2745,552.3977
92000,1897.4730,110.7006,553.9587
93000,1976.4867,114.7031,554.3980
94000,719.4520,52.7088,552.9060
95000,2067.0475,119.0460,554.7374
96000,2199.6598,125.6555,555.5823
97000,2103.6520,120.8706,553.5808
98000,2130.6897,121.9624,554.3896
99000,2182.7918,124.6102,553.0472
100000,2090.4993,120.3561,555.1894
101000,2272.7058,129.2375,556.1288
102000,2223.0048,126.6713,553.7783
103000,2262.4325,128.4522,553.8546
104000,2286.0338,129.4886,554.6689
105000,2403.1774,135.0845,554.2981
106000,2318.1702,131.0233,555.1450
107000,2375.7331,133.7238,555.2591
108000,2295.8645,129.9346,555.4746
109000,2353.4339,132.6604,553.6284
110000,2348.2891,132.5263,554.0143
111000,2457.5813,137.7433,553.9346
112000,2544.3110,142.0404,556.3238
113000,2467.9093,138.3447,555.3352
114000,2440.4619,137.0314,554.9657
115000,2438.0922,136.9428,555.2539
116000,2058.3547,118.3016,554.3303
117000,2592.2559,144.3825,555.3627
118000,2417.1736,136.0300,554.1918
119000,2629.6708,146.1056,554.3094
120000,2503.7882,140.0466,553.6845
121000,2543.0604,142.0921,555.0309
122000,2578.3405,143.6613,555.3163
123000,2770.9343,153.0647,551.2849
124000,2753.9395,152.3299,554.1725
125000,2714.9959,150.4540,554.1871
126000,2694.8981,149.3665,552.7429
127000,2456.5311,138.1417,554.0164
128000,2660.8628,147.8336,553.5693
129000,2633.2117,146.4455,554.6459
130000,2705.2945,149.9470,554.2174
131000,2777.8765,153.4284,553.1786
132000,2715.7916,150.3151,553.1703
133000,2990.7431,163.8382,553.1763
134000,2739.3010,151.6263,552.9936
135000,2755.0502,152.4111,554.5339
136000,3067.8396,167.6748,555.4059
137000,2641.4760,146.8340,554.9692
138000,2815.5375,155.2536,554.2401
139000,2915.6712,160.3635,554.8395
140000,2828.9928,156.0072,552.7816
141000,2580.5870,143.7433,553.4514
142000,2917.5461,160.4870,554.1612
143000,2870.2922,157.8498,552.5089
144000,2995.0212,164.2765,554.6216
145000,3051.5693,166.9227,554.6620
146000,3258.0121,176.9648,554.1932
147000,3047.2118,166.8334,553.4604
148000,3225.7816,175.4557,554.6246
149000,1455.7627,88.4654,553.6269
150000,3122.4926,170.3731,554.3286
151000,3398.5217,183.7453,553.1278
152000,2972.4790,162.9396,552.9833
153000,2926.6944,160.8937,553.5481
154000,3194.7637,173.8170,555.4705
155000,1820.5288,106.6699,553.3592
156000,1681.8838,99.6935,553.1664
157000,3318.3542,179.7479,554.9647
158000,3184.0970,173.3725,554.9714
159000,3447.8210,186.2718,554.1425
160000,1807.4430,105.7417,553.4269
161000,3385.1552,182.9668,555.5393
162000,2308.9819,130.5038,555.4254
163000,3253.5678,176.6671,552.9877
164000,3473.0062,187.5687,553.9089
165000,3419.8942,184.7363,553.1678
166000,214.7941,27.4321,555.1803
167000,763.2673,54.2724,552.9068
168000,3416.5664,184.6535,554.2274
169000,3477.4201,187.7852,555.4392
170000,3619.3248,194.3964,554.1447
171000,3598.7250,193.4902,556.5888
172000,3388.1083,183.1167,553.0544
173000,3209.6073,174.6090,554.3656
174000,3268.6745,177.3570,553.0578
175000,3184.5112,173.2172,554.8948
176000,3665.0369,196.6793,555.9340
177000,3479.8775,187.7513,554.9727
178000,3869.0845,206.4010,553.0451
179000,3669.8527,196.9408,555.5742
180000,3504.3269,188.7422,555.4142
181000,3475.6224,187.4651,555.1255
182000,3445.3257,186.0239,554.0965
183000,3540.2074,190.7007,555.0174
184000,3406.7145,183.9627,554.4512
185000,873.0479,59.9119,554.4664
186000,4005.4810,213.2210,553.4497
187000,3886.0236,207.5667,555.0423
188000,3769.8642,201.8780,555.5687
189000,3437.2762,185.3609,553.0706
190000,3147.6229,171.6257,554.6197
191000,2714.7844,150.2766,555.0963
192000,3690.6513,197.9922,555.8878
193000,3517.8454,189.5159,552.8818
194000,3850.7448,205.6949,554.1295
195000,3685.0162,197.5238,553.5544
196000,3736.4807,200.0707,553.7053
197000,3749.2007,200.8890,553.8447
198000,-111.0185,12.4873,554.6509
199000,3864.7638,206.4050,555.6429
200000,3878.1639,206.9075,554.2885
201000,3499.8596,188.6415,556.2083
202000,3945.4257,210.1302,554.9008
203000,3888.5490,207.3403,554.2598
204000,3684.6036,197.4459,552.8462
205000,3707.7398,198.5668,553.5370
206000,3502.8359,188.6902,554.6173
207000,4081.5312,216.8253,553.4319
208000,3874.6837,206.8051,554.4492
209000,3833.3920,204.8734,553.9908
210000,1062.2067,69.7568,552.8142
211000,3841.8298,205.3391,553.7634
212000,3857.2327,206.1358,553.9686
213000,3864.6211,206.3270,553.1213
214000,3800.0700,203.2749,555.4600
215000,3848.2742,205.6457,554.0576
216000,3853.7693,205.8708,555.3025
217000,4063.4379,216.2081,554.9228
218000,4081.1739,216.8255,554.6676
219000,3940.0763,210.1136,554.4196
220000,4127.0333,219.0057,552.6558
221000,3889.7977,207.4522,554.4615
222000,3810.3371,203.8048,553.8424
223000,4038.1072,214.8040,554.4275
224000,4163.2721,220.9890,554.6802
225000,2759.5473,152.1985,554.9683
226000,4089.6979,217.1387,553.5661
227000,3828.2947,204.5083,553.8253
228000,4015.3983,213.6473,554.7882
229000,984.9527,64.8797,554.3006
230000,3940.3572,209.9733,554.5700
231000,3955.6964,210.6219,554.7312
232000,2471.0046,137.8796,554.0287
233000,3704.5772,198.4909,553.9106
234000,2167.6563,123.1115,554.6438
235000,4095.7186,217.5553,552.4405
236000,3618.5002,194.1893,553.4249
237000,3973.4642,211.6444,555.3664
238000,3996.9814,212.9298,555.3156
239000,1170.4144,74.3394,554.0566
240000,4065.5167,216.0417,554.3398
241000,4270.0083,226.1745,555.3705
242000,4020.4915,213.6476,553.3615
243000,3904.5772,208.0061,553.6072
244000,4153.1602,220.0896,554.6591
245000,4509.0330,237.3927,553.1519
246000,4068.2853,215.8908,554.2326
247000,3659.5969,196.2135,553.5811
248000,4014.1819,213.3575,554.3596
249000,3862.1061,206.2378,554.8070
250000,4142.7792,219.6758,553.9336
251000,4331.3806,228.9073,554.3723
252000,4399.7516,232.3950,555.3509
253000,4073.9315,216.3053,554.3972
254000,2138.3971,121.1953,554.8917
255000,4238.8441,224.5637,556.3697
256000,3645.1537,195.4093,554.7840
257000,4210.0328,223.2244,555.0172
258000,4073.6388,216.3118,554.2320
259000,4333.2185,228.9677,553.9734
260000,4482.4221,236.2406,554.0140
261000,4391.7402,231.9512,554.4064
262000,4164.4186,220.8610,554.3050
263000,4238.2880,224.5327,555.8680
264000,4352.3078,229.9192,553.8841
265000,4035.6201,214.5882,553.8274
266000,4404.9736,232.5884,553.9185
267000,4369.3358,230.8426,554.1598
268000,4203.3154,222.8848,554.9758
269000,4552.7343,239.7107,553.9254
270000,563.4827,43.9174,555.8823
271000,4360.0512,230.3973,555.3325
272000,2379.6250,133.0875,553.8321
273000,4560.1415,239.8438,554.5924
274000,4334.5513,229.0826,554.1727
275000,4616.8310,242.8935,555.2087
276000,4564.8728,240.1581,553.7573
277000,4132.5631,219.3482,555.4279
278000,4357.8641,230.0263,555.0226
279000,4370.6409,230.7203,554.9781
280000,4268.8578,225.9718,554.4434
281000,4145.2888,219.8400,553.6416
282000,4187.1423,221.9235,553.6923
283000,4801.3242,251.8514,554.0085
284000,4405.8747,232.5371,554.3727
285000,4472.7369,235.7551,553.9563
286000,4420.1690,233.2814,554.6234
287000,4311.6707,227.7912,553.6377
288000,4639.1413,243.9087,553.8215
289000,4392.9115,231.9366,554.0656
290000,4586.8271,241.2049,554.1073
291000,4229.7392,224.1434,555.3916
292000,4628.5323,243.3820,552.8993
293000,4311.7600,227.9527,554.9818
294000,4522.8523,237.9573,554.2170
295000,4404.4965,232.4026,554.9239
296000,4316.7938,228.1625,554.1917
297000,4488.3306,236.5466,554.8281
298000,4464.0842,235.2600,552.4674
299000,4545.3247,239.3856,555.3591
300000,4538.0419,238.9884,554.5163
301000,4456.4017,235.2223,554.7336
302000,2589.2985,143.0910,555.9827
303000,4450.1999,234.8313,555.7858
304000,4438.7600,234.0596,553.2397
305000,4545.2178,239.0610,554.2715
306000,4168.0966,220.6912,554.3543
307000,4700.1910,246.6899,554.9918
308000,4665.2354,245.2815,554.1258
309000,4803.8395,251.7962,554.3422
310000,4936.1802,258.3113,554.0159
311000,4703.5993,246.9846,554.5065
312000,4413.3312,232.6125,553.8808
313000,4805.8643,251.8570,555.4929
314000,4649.1106,244.3821,555.1402
315000,4672.9416,245.3082,554.3677
316000,4598.5206,241.9687,553.8449
317000,4779.7546,250.8845,554.7156
318000,4083.6195,216.9484,554.1226
319000,1915.5232,109.6442,555.1658
320000,4399.8770,231.8880,553.9081
321000,4869.1855,255.1020,556.4213
322000,4787.9386,251.0241,554.2360
323000,4721.0543,247.9297,556.5420
324000,4546.9851,239.3965,554.9661
325000,4535.5274,238.7806,554.6284
326000,4874.4657,255.1453,553.9941
327000,4751.9755,249.2766,554.5519
328000,2968.7784,162.2001,552.6055
329000,4715.9076,247.6641,554.2762
330000,4831.3000,252.9567,553.4259
331000,4600.8309,241.9385,553.7154
332000,4503.9248,237.0024,554.2284
333000,4801.9029,251.6989,555.5666
334000,4638.5995,243.6831,555.1394
335000,4740.9368,248.6609,554.6367
336000,4985.2139,260.6159,554.6751
337000,5104.7771,266.4790,555.2520
338000,2256.2607,126.4611,555.3203
339000,4581.5285,241.0284,554.6413
340000,4826.1647,252.6698,553.2406
341000,4940.5235,258.4016,555.8242
342000,4678.5748,245.3530,553.8403
343000,4804.4929,251.9464,555.4914
344000,4772.8449,250.2389,554.4081
345000,4897.9168,256.4588,555.4418
346000,4642.0300,243.9828,553.8012
347000,4815.4747,252.4241,555.8383
348000,4704.4590,247.0449,554.7976
349000,4773.6562,250.3234,554.5643
350000,4691.3968,246.0936,555.9172
351000,4765.0196,249.8979,553.9395
352000,4824.1088,252.8601,556.1675
353000,4951.4194,258.9636,555.0328
354000,5088.3484,265.4268,554.9055
355000,4526.6778,238.1433,555.0123
356000,4911.2819,257.2416,554.1955
357000,5076.4727,265.0939,555.9180
358000,4850.9200,254.1158,554.6978
359000,4650.9167,244.5114,555.9078
360000,4826.9114,253.0013,555.9656
361000,4696.7561,246.8353,555.8438
362000,5318.4954,277.0773,555.3978
363000,4661.5712,244.6713,553.6959
364000,4828.4247,252.8612,554.6338
365000,4867.7318,254.8847,555.3220
366000,4787.5923,250.9415,554.3840
367000,4885.4792,255.6763,553.6362
368000,4817.2660,252.6616,555.8260
369000,3230.2203,174.7240,554.6773
370000,4344.6427,229.2491,555.0404
371000,4886.0978,255.6849,554.6872
372000,4916.3623,257.1693,554.6748
373000,4759.1964,249.6214,554.1629
374000,4892.4896,256.0632,555.8185
375000,5130.4428,267.7380,555.6198
376000,4493.4653,236.1911,553.5226
377000,4776.5712,250.3692,555.4148
378000,4876.1187,255.3299,554.4771
379000,4852.7651,254.0529,553.9946
380000,4885.5953,255.4612,553.4000
381000,4793.3536,251.3270,554.6873
382000,4719.3656,247.6363,555.8079
383000,4914.4354,257.1436,555.7364
384000,4893.6014,255.9344,553.3981
385000,4811.8508,252.1044,554.8496
386000,4927.6855,257.8313,554.3682
387000,5070.7157,264.8159,554.8819
388000,4903.8419,256.6897,554.6668
389000,4624.7600,243.1323,555.3338
390000,4738.5938,248.7000,554.1213
391000,4815.6640,252.2916,555.8990
392000,5239.3690,272.8839,554.5782
393000,2001.1779,114.3270,554.3346
394000,4878.7305,255.1777,554.0660
395000,5150.2692,268.3972,553.9824
396000,5083.6591,265.4722,554.5046
397000,5053.4092,264.1559,555.7988
398000,4845.7234,253.6183,555.5160
399000,3958.9712,210.6691,555.2283
400000,5094.4468,265.7366,555.6114
401000,4950.7653,259.0194,556.9749
402000,4643.3723,243.6930,551.8422
403000,4157.5338,219.9767,554.6486
404000,4630.9540,243.3555,555.3246
405000,3975.9760,211.4118,553.4248
406000,4999.5845,261.4051,555.7254
407000,4808.0086,251.9256,554.7814
408000,5037.8868,263.0617,554.1289
409000,5168.4532,269.2962,553.7331
410000,4580.9438,240.8889,554.1565
411000,4787.2245,250.9605,555.0843
412000,4799.9610,251.5046,555.0819
413000,4591.7839,241.2302,553.7296
414000,2283.4682,128.7587,555.2424
415000,4907.3360,256.8055,555.5837
416000,4896.7650,256.2788,553.8066
417000,4848.9241,253.8052,555.7789
418000,4863.9583,254.5536,556.4707
419000,5133.7665,267.7576,555.9147
420000,5215.2673,271.6980,554.7265
421000,5043.2999,263.5622,554.4331
422000,4955.5491,259.1670,554.4601
423000,5024.2871,262.5518,554.9485
424000,5152.9966,268.8617,555.4522
425000,2760.7885,152.7056,555.3529
426000,5043.6704,263.2746,554.5074
427000,5073.2495,265.0966,556.4060
428000,5032.3739,262.8532,555.2700
429000,5248.2049,273.3110,555.5083
430000,5276.8729,274.5740,553.9965
431000,4950.0072,259.0196,554.9111
432000,4993.0304,260.9637,554.2350
433000,5003.0069,261.4167,554.3983
434000,5455.7995,283.3962,555.5612
435000,5247.8495,273.2660,555.4201
436000,5101.1389,266.3300,554.6097
437000,4811.3573,251.9541,554.2220
438000,4977.7185,260.1054,553.4817
439000,4912.7086,256.9981,554.5947
440000,4989.8154,260.7579,553.9043
441000,4959.6585,259.3890,556.2825
442000,5033.1935,262.9578,553.7628
443000,4985.5773,260.7424,555.9510
444000,5238.4081,273.0940,555.3504
445000,5084.6129,265.4413,553.2026
446000,4954.7744,258.9705,555.0329
447000,5274.1979,274.7732,555.1603
448000,4886.3256,255.8273,554.4461
449000,4929.1900,257.8271,554.6262
450000,4957.5523,259.6002,555.7849
451000,5121.4359,267.4132,555.5290
452000,5103.6689,266.3780,554.9408
453000,5033.5811,262.9576,553.6118
454000,5312.4534,276.4620,553.4348
455000,5049.5625,263.7086,555.8218
456000,4961.3261,259.2360,554.4280
457000,5044.4967,263.4214,554.6712
458000,5162.2924,269.3074,554.8078
459000,5074.5060,264.9006,555.6355
460000,5036.0758,262.9516,554.5848
461000,4845.8238,253.7997,553.4798
462000,5176.7375,269.9168,554.1997
463000,4906.6942,256.5135,555.3484
464000,5172.9714,269.8722,554.9496
465000,4899.3325,256.3161,554.2229
466000,5053.4797,263.9541,554.5570
467000,5276.6576,274.8965,555.4348
468000,4925.5796,257.6113,556.6100
469000,5242.6317,273.1180,554.8695
470000,5076.8585,265.2796,555.6975
471000,4896.8874,256.3150,555.6091
472000,4891.7137,255.9667,556.4709
473000,5144.3647,268.0884,554.5289
474000,5466.6249,283.9911,554.5549
475000,5020.2182,262.1934,555.1628
476000,5187.0243,270.3158,553.3474
477000,5169.3222,269.5654,553.9625
478000,5164.9000,269.3073,554.8350
479000,5162.5180,269.2237,555.7312
480000,5027.9597,262.7513,555.1980
481000,4550.2823,239.3916,556.2324
482000,5109.4862,266.5202,554.3297
483000,4849.6935,253.9343,554.6524
484000,5019.4332,262.3595,555.9654
485000,5284.6846,275.0706,555.1592
486000,4897.6895,256.2064,554.7182
487000,5106.5767,266.4906,556.1252
488000,4756.5300,249.2891,554.2463
489000,4951.1865,258.8884,555.8439
490000,4910.2004,256.9214,554.6662
491000,5232.1719,272.6145,554.9410
492000,5312.2179,276.4902,555.3348
493000,5285.0847,275.2365,553.8217
494000,4855.0081,254.2659,552.7118
495000,4726.1432,247.8419,554.0507
496000,4823.1289,252.8401,555.9716
497000,4990.5639,260.9825,553.7091
498000,5433.9427,282.6860,554.9219
499000,5376.4837,279.6483,554.7938
500000,5173.4902,269.8468,554.1114
501000,5365.0593,278.9278,554.5777
502000,5615.4899,291.2155,554.0724
503000,3547.8750,190.0443,554.7734
504000,4995.7689,261.4085,555.5253
505000,5158.4401,269.0485,555.3853
506000,4884.3547,255.7769,555.9038
507000,5256.4594,273.7531,553.9450
508000,5244.7795,273.0630,555.3169
509000,5019.6789,262.2691,555.3916
510000,5245.7132,273.0752,554.7713
511000,5552.4372,288.2549,555.6144
512000,4653.8905,244.4024,553.5098
513000,5081.9166,265.1986,554.3040
514000,5288.7679,275.4045,554.6141
515000,5308.3448,276.2253,554.9197
516000,5306.6513,276.0956,554.1210
517000,5364.8757,278.8560,553.2236
518000,5026.6719,262.6148,554.9003
519000,5140.1733,268.2736,555.0398
520000,5549.8427,288.0617,555.0720
521000,5526.6086,286.9730,554.5693
522000,5373.1330,279.2966,554.1541
523000,5464.9019,284.0545,553.7043
524000,5574.5133,289.4677,556.0136
525000,5226.6606,272.3686,554.2382
526000,5486.8324,284.9374,553.4580
527000,5276.6952,274.5726,554.3856
528000,5401.3541,280.5721,554.2237
529000,5262.8395,274.2340,555.6494
530000,5545.7951,288.0865,554.8407
531000,5354.2085,278.3724,553.8623
532000,5241.0624,273.1517,556.2854
533000,5716.1906,296.2849,555.2267
534000,5602.5046,290.7032,554.9412
535000,4910.0450,256.9550,554.0480
536000,5528.2862,286.9009,554.0880
537000,5305.3960,276.2162,556.2380
538000,5193.6810,270.5876,553.8564
539000,5004.0931,261.2121,554.8987
540000,5262.8923,274.2801,556.3550
541000,5012.5411,261.7009,554.7006
542000,5354.0953,278.4755,554.3603
543000,5415.0228,281.4383,555.3329
544000,5504.6188,285.8960,553.4445
545000,5460.8030,283.5976,553.3036
546000,5653.1607,293.0323,555.4350
547000,5559.4788,288.6555,555.4201
548000,5623.8194,291.6218,553.9300
549000,5326.7914,277.3251,554.0931
550000,5216.6185,271.7160,554.3780
551000,5628.9928,291.8003,555.4460
552000,5604.3802,290.7926,554.9711
553000,5429.4693,282.2790,555.9473
554000,5418.7947,281.8630,554.7102
555000,5143.3139,268.3361,552.9265
556000,5546.9004,287.9534,555.0687
557000,5252.1152,273.4026,555.2384
558000,5222.7228,271.8964,553.7527
559000,5273.8918,274.3874,554.5680
560000,5415.2057,281.5494,555.5905
561000,5339.8778,277.7337,554.7068
562000,5517.5771,286.2290,555.1088
563000,5723.5909,296.5422,555.5664
564000,5316.3242,276.7615,555.2852
565000,5527.1817,286.9029,556.3024
566000,5723.3883,296.5679,554.6257
567000,5446.6293,283.1108,554.9157
568000,5281.6523,274.9927,554.3742
569000,5526.4831,286.9853,554.7290
570000,5525.1271,286.9197,554.9708
571000,5225.7944,272.2156,554.3974
572000,147.6858,24.8149,555.0665
573000,5550.1285,287.9815,553.4728
574000,5768.6644,298.6014,554.7893
575000,5501.2164,285.5942,554.2994
576000,5485.6320,285.0266,555.5250
577000,5409.3644,281.3303,555.5193
578000,5216.0394,271.8939,553.6959
579000,5257.7828,273.7534,555.4433
580000,5485.0708,284.9634,553.1331
581000,5441.6645,282.8731,554.5263
582000,5543.6295,287.6123,553.7630
583000,5543.6659,287.5948,554.7795
584000,5643.7751,292.6006,554.8554
585000,5667.4175,293.6915,555.2272
586000,5231.5699,272.4263,554.7181
587000,5443.8039,282.5890,555.5444
588000,5460.6832,283.4855,554.4551
589000,5808.0000,300.6122,554.9942
590000,5473.6216,284.2654,554.7053
591000,5651.0997,292.9734,554.7163
592000,5381.9584,279.6333,554.3028
593000,5607.0824,290.6749,555.3445
594000,5439.6338,282.8268,554.3205
595000,6039.7301,312.1994,553.8568
596000,5662.5823,293.6055,553.4929
597000,5124.2658,267.3297,554.9698
598000,5483.7165,285.1774,553.1396
599000,5272.6636,274.5234,553.1145
600000,5663.9154,293.7239,555.7099
601000,5689.0904,294.9335,554.1994
602000,5785.8232,299.6449,554.4140
603000,5152.9915,268.5982,555.7995
604000,5617.7490,291.5723,556.6401
605000,5910.5396,305.7039,554.6679
606000,5291.0769,275.3456,553.3977
607000,5472.9805,284.1996,554.3660
608000,5619.2447,291.3902,554.3098
609000,3127.5742,170.1209,554.8437
610000,5768.1843,298.5703,553.9065
611000,5646.1217,292.7293,554.1470
612000,5644.6878,292.8187,555.1096
613000,5701.5972,295.4478,554.0490
614000,5573.1344,288.8904,553.8056
615000,5377.8596,279.5566,555.3410
616000,3963.7683,210.8563,554.1119
617000,5376.2103,279.5751,555.4889
618000,5438.1545,282.5317,555.0413
619000,5867.0341,303.6169,555.5954
620000,5452.6939,283.2618,555.6254
621000,5706.3894,295.7203,554.9905
622000,5632.0751,292.1544,556.1257
623000,5509.9742,286.2877,556.3816
624000,5508.5062,285.8428,555.4706
625000,5386.2402,279.9323,553.2934
626000,5464.6043,283.9247,556.0307
627000,5774.1127,298.9593,555.9616
628000,5472.3657,284.0959,554.6917
629000,3402.3465,183.3689,554.6465
630000,5541.9606,287.6020,554.3986
631000,5349.8068,278.1866,554.0906
632000,5735.0928,297.1705,554.3378
633000,5408.6667,281.0198,554.7312
634000,5821.8254,301.4226,555.6067
635000,5699.2386,295.2039,553.3570
636000,5959.3284,308.1715,556.1606
637000,619.7826,48.3731,554.6871
638000,5805.0552,300.3784,556.3456
639000,-625.1416,-13.3772,556.0389
640000,5492.3730,284.8970,554.4116
641000,5627.6455,291.7491,555.5384
642000,5861.6881,302.9825,553.3532
643000,5432.4688,282.2659,554.7425
644000,5674.9060,293.8941,553.6887
645000,5251.8249,273.4788,555.1657
646000,2479.2322,138.0547,555.0845
647000,5637.6094,292.1120,554.1437
648000,5493.6696,285.2512,555.1510
649000,5814.4180,300.8217,555.0647
650000,5693.5677,294.9397,553.9545
651000,5520.2926,286.3628,555.2805
652000,5894.1991,304.9619,555.5969
653000,5911.1641,305.6959,555.3107
654000,5633.2772,291.8618,555.2891
655000,5732.4375,296.8858,555.4179
656000,5703.4963,295.2996,555.4427
657000,5659.9961,293.2957,553.9369
658000,5323.7895,276.9289,554.5260
659000,5642.0917,292.8104,556.2496
660000,5125.1499,267.1078,555.0860
661000,5818.3577,301.0429,554.8971
662000,5583.4921,289.5060,553.3683
663000,5832.5963,302.0994,555.8489
664000,5430.9121,282.1421,555.4396
665000,5704.2010,295.7963,556.5082
666000,5588.7316,289.6063,554.1347
667000,5454.9917,283.2644,554.8581
668000,5702.8515,295.4282,555.2533
669000,5823.1073,301.3110,555.6542
670000,5753.0901,297.6072,555.2170
671000,5942.7454,307.1768,555.1583
672000,5789.1094,299.5584,554.6236
673000,5870.6585,303.5949,554.0753
674000,5869.6136,303.2712,553.4700
675000,5961.2126,307.9852,555.2739
676000,4641.9018,243.6581,555.1328
677000,5909.3706,305.5867,554.7707
678000,5693.8870,295.0158,554.8649
679000,5665.4298,293.7777,554.9996
680000,5729.3407,296.6713,554.4109
681000,5612.3326,290.9730,553.8564
682000,5565.9352,288.7463,554.2235
683000,5477.1076,284.4813,554.8955
684000,5407.4416,280.8705,554.9363
685000,5336.1847,277.3438,554.2923
686000,5743.8215,297.4473,555.0431
687000,5416.9744,281.6071,554.6146
688000,5716.5637,296.1217,553.6166
689000,5925.6929,306.3758,556.1620
690000,4534.6101,238.4862,553.9630
691000,5439.1107,282.4267,556.1135
692000,5629.6845,291.6453,556.7556
693000,5484.9942,284.6182,555.9076
694000,5945.1862,306.9068,552.6395
695000,5948.7367,307.4129,554.9032
696000,3712.2940,198.2377,554.9339
697000,5784.9802,299.4284,555.7361
698000,5610.0366,290.6860,555.4795
699000,5386.1584,279.6622,555.5158
700000,5646.6122,292.6633,555.4359
701000,5528.7754,286.9335,554.7225
702000,5723.1399,296.2685,554.1820
703000,5388.5095,280.1580,554.5195
704000,5698.7511,295.2897,555.3632
705000,5749.1471,297.7825,554.4548
706000,5602.9593,290.6233,555.6400
707000,5599.5948,290.6876,556.3694
708000,5819.5476,300.8409,554.6218
709000,5559.4699,288.6124,555.7880
710000,5810.2655,300.7730,554.2859
711000,5830.4512,301.8148,555.7207
712000,5749.4387,297.8389,556.7584
713000,5655.9648,293.3651,554.2001
714000,5732.6093,297.0338,555.4442
715000,6047.5849,312.3253,555.4230
716000,5554.9075,287.9639,554.9766
717000,5199.2221,270.9117,555.8514
718000,4426.5036,233.0462,555.4528
719000,5525.1647,286.7799,556.3163
720000,2906.1566,158.9017,554.6626
721000,5526.9655,286.8853,553.4836
722000,5924.6108,306.1963,555.2388
723000,5519.7461,286.5061,555.3126
724000,5709.1427,295.7424,554.8740
725000,5477.8383,284.5117,554.8056
726000,5812.5577,300.6028,553.6129
727000,5941.4205,306.9718,554.6624
728000,5553.8062,288.0198,553.7370
729000,5711.2910,295.6735,554.9847
730000,5943.2074,307.0853,554.2850
731000,5757.3342,297.9602,554.9650
732000,6106.5333,315.2314,554.2844
733000,5995.3967,309.5779,555.4311
734000,5889.8160,304.4979,554.8110
735000,5892.6377,304.8922,554.8950
736000,5760.0598,298.2496,555.1998
737000,6036.9833,311.8476,554.8239
738000,5541.2961,287.4731,555.3231
739000,5713.3733,295.7975,553.7335
740000,5596.7798,289.7804,555.1923
741000,5470.4660,283.8039,553.8033
742000,5650.9814,292.8658,555.2590
743000,5786.4417,299.3798,555.1778
744000,6012.7553,310.5730,555.4641
745000,5842.1366,302.2728,554.3981
746000,5896.4528,304.8228,554.2180
747000,5582.5697,289.6125,555.6642
748000,5472.2164,284.2263,555.4022
749000,5715.5060,295.9398,555.9496
750000,5588.8133,290.1012,555.5478
751000,5624.4623,291.2786,554.9986
752000,5941.0666,306.9025,555.6172
753000,5491.3684,284.9466,554.8357
754000,5646.4111,292.7119,554.9598
755000,5891.1996,304.7658,555.6966
756000,5629.2596,291.7377,554.1040
757000,5579.1705,289.0779,553.8280
758000,5713.3323,295.6075,555.2955
759000,5711.2261,295.7105,555.4285
760000,5897.0787,304.8097,554.4797
761000,5872.7243,303.4091,554.9246
762000,5670.4807,293.6401,554.2095
763000,5858.1101,302.8415,555.1320
764000,5942.1634,307.1152,554.8419
765000,5876.3126,303.8417,554.1420
766000,5700.7715,295.1398,554.8075
767000,6128.4444,316.2504,555.5273
768000,5619.7721,291.1076,555.0572
769000,5359.3541,278.7075,555.2007
770000,5839.3229,301.9495,554.7721
771000,5918.4622,305.9150,555.5408
772000,5383.7362,279.7218,555.1498
773000,5732.3083,297.1106,556.4814
774000,5871.8536,303.5773,553.9518
775000,5967.3907,308.2318,554.2031
776000,5682.8385,294.6322,556.1510
777000,5979.3590,308.8360,554.7583
778000,5923.7329,305.9296,555.6729
779000,5911.2529,305.6633,554.4479
780000,5472.8282,284.2530,555.4785
781000,5644.5247,292.5319,554.5974
782000,5789.4975,299.5507,556.5882
783000,5345.2581,277.9418,555.1773
784000,5900.4526,304.9581,554.4081
785000,5744.7577,297.3025,555.8125
786000,5816.2883,300.9366,552.8390
787000,5786.8466,299.3438,554.2741
788000,5628.8985,291.5789,554.6933
789000,5981.7536,308.6974,554.1502
790000,5237.5685,272.7208,555.6399
791000,5660.9995,293.1236,553.6400
792000,5372.1136,279.1932,555.8548
793000,5613.1461,290.8560,553.7033
794000,5665.1373,293.5152,554.1816
795000,5523.3282,286.6449,553.8326
796000,5568.6949,288.7373,555.3472
797000,5859.6998,302.7305,554.4070
798000,5618.8086,291.3233,554.5923
799000,5278.4327,274.5351,554.3245
800000,5794.2912,299.7592,554.8492
801000,6107.0047,315.0011,554.4936
802000,5801.7029,299.7018,552.9891
803000,5443.4191,282.4899,555.7668
804000,5882.3332,304.1184,554.3457
805000,5825.6777,301.3500,555.6994
806000,6086.3561,314.0892,555.1462
807000,5754.3036,297.5915,555.1261
808000,5522.1973,286.3926,555.8455
809000,5931.7268,306.6002,553.8911
810000,6175.4176,318.5154,554.5868
811000,5751.6995,297.4690,554.9380
812000,5607.6230,290.7598,554.7967
813000,5910.6949,305.2563,554.0938
814000,5461.3192,283.8156,556.0209
815000,5329.0799,277.2182,555.7240
816000,6141.1464,316.8231,554.2529
817000,5934.4827,306.5463,555.3032
818000,5607.6575,290.5536,553.6042
819000,5786.6946,299.2336,553.5756
820000,6059.4411,312.7659,554.3229
821000,5736.9750,296.9996,555.4423
822000,6032.6976,311.5331,554.5613
823000,6000.3194,309.8712,554.7355
824000,5444.6757,282.3721,555.2197
825000,5658.1970,293.0439,554.1813
826000,5997.2837,309.6365,554.3734
827000,5705.3730,295.6693,555.6326
828000,5906.1791,305.4257,554.8716
829000,5821.0036,301.3233,556.4886
830000,5585.0650,289.6654,555.4429
831000,5774.9235,299.1340,554.1392
832000,5656.3883,292.9504,554.6211
833000,6136.7704,316.6424,555.8672
834000,5848.1476,302.3845,553.6813
835000,5408.0604,281.0073,554.5655
836000,5703.6946,295.3812,554.7767
837000,6034.7574,311.3501,554.5745
838000,5558.7978,288.1621,554.3378
839000,6000.7596,309.7131,553.2741
840000,5715.1153,296.1527,554.8689
841000,3166.8916,171.0451,554.7314
842000,5785.1460,299.2238,554.6172
843000,6126.6424,316.3512,555.9469
844000,5354.7449,278.2132,555.1250
845000,6159.4583,317.7950,554.1729
846000,5719.1033,295.9529,553.3224
847000,5875.3390,304.0309,554.4132
848000,5689.5763,294.8175,555.6007
849000,5798.2818,300.3128,555.9300
850000,5845.1302,302.3367,554.3057
851000,5773.2592,298.7629,554.2100
852000,5760.9655,298.0613,554.1888
853000,5891.9188,304.4409,555.0310
854000,5968.5884,308.0311,554.1527
855000,6053.1358,312.4346,554.0250
856000,5703.2452,295.5602,554.6743
857000,5892.0170,304.4114,555.2091
858000,5932.8240,306.4963,556.2720
859000,5771.1238,298.6908,555.1108
860000,2312.9613,129.8518,556.8553
861000,5913.8178,305.5419,554.3292
862000,5701.5696,295.2595,556.5605
863000,5431.6566,281.7844,555.4159
864000,5930.9456,306.5626,555.2098
865000,5708.6661,295.4485,554.7829
866000,5820.1893,301.1343,554.9607
867000,5534.0971,287.1700,554.5551
868000,6025.8817,311.0247,555.1419
869000,5666.3864,293.3922,552.7168
870000,5964.3012,308.2348,555.3027
871000,5537.2128,287.4115,554.7098
872000,6088.7855,314.1614,555.6731
873000,5988.1575,309.0992,555.7782
874000,5838.0030,301.7786,553.9762
875000,5732.7897,296.8014,554.8991
876000,5783.3741,299.3191,555.0792
877000,6078.7992,313.4688,554.9755
878000,6120.4975,315.5757,555.8024
879000,4056.5691,214.9274,554.8727
880000,5767.6782,298.3555,554.3971
881000,3845.2450,204.6762,554.6512
882000,5531.5229,286.8104,556.1147
883000,5765.4456,298.1666,555.2215
884000,5487.5064,284.6193,554.8819
885000,5746.6438,297.4974,555.3711
886000,5796.3744,299.7445,555.2249
887000,6133.7029,316.3024,555.8757
888000,6263.8015,322.7663,555.3636
889000,5584.5664,289.3755,554.8947
890000,5377.1825,279.2751,554.8133
891000,5905.7711,305.0529,554.9905
892000,5505.5015,285.6205,555.1854
893000,6003.3573,309.9184,555.6133
894000,5318.1069,276.3807,556.5096
895000,5854.7955,302.9574,553.5269
896000,5976.8420,308.7750,556.6091
897000,5815.8037,300.6376,554.1145
898000,5651.0519,292.6999,556.4086
899000,5926.6134,306.2698,554.7186
900000,6203.0551,319.6151,552.8976
901000,6361.3948,327.5794,555.1244
902000,5862.4099,303.2441,554.8415
903000,5670.4635,293.5033,554.1478
904000,5353.5525,278.4135,553.7890
905000,4981.4540,260.0056,554.6325
906000,5178.0563,269.5877,555.2297
907000,5761.3633,297.7854,554.3429
908000,5873.1677,303.4343,554.2747
909000,5480.1489,284.2942,554.1603
910000,5727.8461,296.1654,553.4683
911000,5680.5943,294.1364,554.7071
912000,1064.3426,69.1075,555.7497
913000,5947.5196,307.1654,555.2426
914000,6052.4065,312.5559,555.6718
915000,5929.6105,306.0470,554.1060
916000,5425.1518,281.5539,554.1229
917000,5741.0988,297.2625,555.4059
918000,6066.0190,312.7373,554.1743
919000,6083.3434,313.7200,554.5879
920000,5707.5799,295.6624,554.8906
921000,6073.1803,313.4701,553.8968
922000,5730.5987,296.7107,553.7175
923000,5662.7993,293.4827,555.4284
924000,5713.5391,295.6850,553.7726
925000,5985.3927,309.1351,554.6457
926000,5646.4233,292.3279,554.9345
927000,6021.7567,310.3956,553.5002
928000,5522.0935,286.5113,555.1928
929000,5274.0784,274.2238,554.3146
930000,5831.0107,301.3165,554.1458
931000,5819.8754,300.7604,553.3619
932000,6069.5276,313.3569,554.6681
933000,6065.0751,313.1509,555.7030
934000,5895.4389,304.7069,552.9561
935000,5675.9462,293.9104,554.9425
936000,5894.4840,304.6969,555.6058
937000,6187.8315,318.7637,553.8525
938000,5714.7014,295.5988,555.8233
939000,5898.2034,304.8124,554.9808
940000,5954.4781,307.5270,555.6022
941000,5148.1996,268.2039,553.1518
942000,6132.6802,316.2799,554.4276
943000,5819.1148,300.7488,554.0230
944000,5549.6806,287.7715,555.6222
945000,6149.4706,316.7641,553.6358
946000,5908.5671,305.2943,555.3225
947000,6328.9921,325.8648,555.4841
948000,5313.8667,276.3569,554.9706
949000,6008.9035,310.2750,554.5150
950000,5834.1324,301.6764,553.5888
951000,5809.1127,300.3598,554.1107
952000,6197.7708,319.2738,554.7172
953000,6074.9152,313.4943,554.3514
954000,6117.4549,315.4810,556.0581
955000,5957.1921,307.6132,554.7087
956000,5546.6173,287.6408,553.9435
957000,5856.3599,302.7698,554.0837
958000,6138.2587,316.4934,555.1869
959000,6125.7577,315.7883,553.0165
960000,5954.2882,307.6411,553.8391
961000,5401.4700,280.5492,556.5615
962000,5547.8029,287.3761,553.4811
963000,83.2754,19.8130,555.6142
964000,5729.0642,296.4892,553.3649
965000,5867.9927,303.3548,554.4312
966000,5994.8166,309.5103,554.7621
967000,6160.4322,317.8095,555.1374
968000,6181.3745,318.6347,554.5936
969000,6037.4924,311.6039,555.4825
970000,5736.1810,297.1782,556.3451
971000,5774.1999,298.7671,554.3532
972000,5647.6708,292.3605,553.3150
973000,5999.7327,309.6537,554.2257
974000,5989.7417,309.0674,554.5023
975000,6005.9571,310.0482,554.9909
976000,5705.5310,295.3336,554.9464
977000,5922.9081,306.0304,556.2499
978000,5790.7839,299.5024,553.6402
979000,5558.6924,288.1136,554.4154
980000,6057.9031,312.9909,555.4846
981000,1065.7638,68.2647,555.3295
982000,5953.7438,307.4625,554.5033
983000,6106.4745,315.0389,555.3228
984000,6190.1705,318.9038,554.8426
985000,6129.6070,315.8770,555.1369
986000,6113.8982,315.3567,554.0023
987000,5684.2364,294.3487,554.2831
988000,5780.9498,298.9439,555.4608
989000,4477.3307,235.3514,555.6923
990000,5189.9999,270.2479,554.8656
991000,5990.9551,309.2980,554.2229
992000,5682.9068,294.0545,554.3957
993000,5589.8385,289.9345,554.9296
994000,6033.9565,311.4962,555.0354
995000,5963.6391,308.0960,554.7047
996000,6201.0521,319.8499,554.7868
997000,6117.8811,315.7674,555.6180
998000,5657.2838,293.0621,554.9556
999000,6025.3791,311.1651,555.7653
1000000,5141.6101,268.0531,555.5969
