timestep,reward,distance,control_cost
1000,-311.2685,-2.0013,509.3486
2000,-253.9674,4.1621,543.6060
3000,-214.8807,6.4192,540.0455
4000,-53.2608,13.7384,530.9674
5000,19.3391,16.5327,518.6796
6000,-190.4425,6.0103,509.5109
7000,-221.1349,4.4269,514.5126
8000,-197.9028,5.6817,515.3435
9000,-217.3967,4.8110,517.2832
10000,-250.6851,3.5139,521.9628
11000,-467.1846,-6.1011,537.5235
12000,-146.4804,9.4824,539.6114
13000,-324.1947,0.9091,540.5336
14000,-83.0473,12.2958,535.3290
15000,-149.1963,9.0266,535.9926
16000,195.1215,26.6300,540.9659
17000,-314.9038,1.4289,540.1259
18000,-152.1375,8.7459,535.8834
19000,-438.2732,-4.9065,540.5079
20000,109.1041,22.2052,541.2478
21000,127.9660,23.0827,541.4754
22000,6.2962,16.8778,537.9953
23000,-40.0193,14.9948,541.0422
24000,281.4514,31.0145,541.4935
25000,-26.0496,15.3918,539.5207
26000,-195.3976,7.3495,544.6536
27000,-172.1112,8.3849,541.6546
28000,-76.7899,12.7508,540.3790
29000,441.5263,39.0522,541.7705
30000,-64.7013,13.4867,539.0792
31000,-56.0566,13.8084,542.8132
32000,381.2730,35.7110,544.0682
33000,294.5366,30.8620,541.5689
34000,118.9824,22.8916,541.8650
35000,-5.1487,17.0834,546.3829
36000,-8.7420,16.9172,545.2154
37000,-174.2798,8.7509,547.8614
38000,518.8609,42.6653,542.5151
39000,299.5473,31.3270,543.6748
40000,-21.0698,15.7908,544.9403
41000,-145.2503,9.6866,545.2230
42000,348.3458,34.1846,549.0698
43000,31.8229,18.2375,544.3923
44000,182.5427,25.7939,546.0134
45000,296.0825,31.1848,547.3578
46000,743.3817,53.9322,548.2548
47000,206.5950,27.1713,547.2373
48000,425.3000,37.9969,546.3741
49000,862.4447,59.5261,548.5641
50000,705.2428,51.8302,547.3590
51000,41.0931,18.9987,546.2500
52000,407.5833,37.5797,549.2999
53000,336.6065,33.8285,549.6739
54000,-131.1101,10.4082,549.1996
55000,1024.5863,67.6756,550.4863
56000,351.3984,34.7940,550.7488
57000,505.9333,42.1120,548.3784
58000,212.7816,26.2001,552.0752
59000,-150.0316,9.6716,549.7638
60000,660.0299,49.9403,552.0496
61000,456.8553,39.6931,547.7038
62000,1082.9746,70.6114,550.5439
63000,131.4198,23.4165,548.3924
64000,140.7666,23.5862,547.5521
65000,1083.3784,70.6074,550.4171
66000,1140.0455,73.0820,550.6617
67000,608.0059,47.1206,551.7772
68000,1200.5551,76.4117,550.4510
69000,108.8703,22.3031,550.8691
70000,629.7496,47.8830,549.8472
71000,971.6343,65.3110,550.9814
72000,1007.3706,66.4662,553.4957
73000,1328.0548,82.5328,549.0728
74000,82.1523,20.4484,550.5477
75000,293.1400,30.9717,550.3984
76000,638.1660,48.1735,549.1792
77000,1527.3629,92.5953,551.7191
78000,282.3403,31.3346,551.8818
79000,1717.0716,101.4198,552.5334
80000,1267.9728,79.1528,551.4951
81000,898.0388,61.0839,551.5537
82000,197.6111,26.6347,552.9213
83000,555.8495,44.0781,552.1763
84000,1596.7881,95.8726,552.3091
85000,1643.9557,98.5240,553.2381
86000,565.8895,45.1320,554.2797
87000,1265.1988,79.5076,551.8035
88000,1135.0999,72.7284,551.7131
89000,927.2899,62.2315,549.9456
90000,1461.0721,89.3241,553.1246
91000,1375.6447,84.9479,550.6466
92000,1811.8840,106.1187,550.7327
93000,379.8425,35.1426,551.0990
94000,735.6001,52.9851,552.6223
95000,1882.4849,109.8337,553.2401
96000,1052.7639,69.2406,551.5299
97000,2113.7352,121.3197,554.9827
98000,1846.7744,107.9026,552.8488
99000,1170.8828,74.6068,553.1979
100000,879.7637,60.0273,551.9219
101000,192.8412,25.8990,552.1550
102000,2333.1595,131.6001,552.4044
103000,1818.7077,106.4469,552.2474
104000,1406.4700,86.0526,552.0165
105000,453.2009,39.2567,553.9625
106000,1617.3480,96.7624,553.4413
107000,1420.2332,86.8311,552.0339
108000,1809.7674,106.0803,553.2894
109000,1309.0486,81.4592,554.1485
110000,1257.9102,79.1009,553.1533
111000,1086.8452,70.6594,553.8758
112000,611.8156,47.3761,553.5700
113000,1057.6143,69.4423,552.7491
114000,1436.2743,87.7319,552.5440
115000,1509.8305,91.2652,552.2484
116000,1303.9155,81.0431,551.2935
117000,770.1957,54.7938,552.1713
118000,444.9916,38.7517,550.8413
119000,1431.5529,87.6449,554.3998
120000,785.1330,55.6553,553.4397
121000,119.5515,22.6433,554.1412
122000,1931.2272,112.0495,552.9677
123000,1952.3289,113.4530,554.4213
124000,1958.6562,113.4719,552.6298
125000,841.4731,58.2833,552.2173
126000,2049.8497,117.9598,553.9820
127000,1909.9778,111.1782,554.0945
128000,211.4017,26.8783,551.2736
129000,1744.8909,102.9185,553.1246
130000,1864.6941,108.6241,554.8970
131000,2260.9393,128.3244,554.8164
132000,497.6924,41.4754,553.3126
133000,1910.0010,111.1728,553.6409
134000,2245.1603,127.7572,553.9067
135000,1629.1449,97.0466,552.9392
136000,2373.2184,133.8631,554.0297
137000,1991.8348,114.8982,553.2910
138000,2204.0499,125.3578,554.0839
139000,960.5073,64.2803,552.4518
140000,2375.4309,133.8645,554.5301
141000,1011.8807,66.7752,553.0001
142000,1334.8113,82.5569,553.1303
143000,1981.7153,114.8104,553.6629
144000,1650.4889,98.5216,554.7047
145000,1620.9384,97.1125,553.9809
146000,746.4560,53.2594,551.6660
147000,708.7261,51.7977,554.3475
148000,2041.6716,117.5823,555.1021
149000,1913.2189,111.3751,554.1214
150000,2150.8477,122.8170,552.7084
151000,2726.5133,151.0283,553.7208
152000,2332.1522,132.1192,554.7842
153000,1546.4052,93.1868,553.7227
154000,1978.2843,114.4648,553.0670
155000,2666.1596,148.2655,554.8353
156000,1104.9659,71.5403,555.1365
157000,1163.2496,74.2302,553.2121
158000,638.1738,48.1801,553.6079
159000,1514.5001,91.7305,555.8568
160000,2138.6433,122.4895,554.8550
161000,3069.0062,167.6833,554.2767
162000,2433.6350,136.9231,553.9872
163000,2521.3581,140.7934,553.5703
164000,2306.6168,130.3604,554.2754
165000,1321.8607,81.8655,553.4212
166000,2079.7296,119.7110,554.1414
167000,2012.4510,116.3136,553.1330
168000,2473.3289,138.9155,554.4000
169000,2438.1994,137.3024,554.2359
170000,2124.5034,121.6071,555.7365
171000,2949.5255,161.9255,555.6965
172000,2486.8484,139.3433,554.7214
173000,2263.1583,128.4268,553.7827
174000,1836.8206,107.3588,555.4410
175000,2151.0014,122.5015,552.4861
176000,2713.0972,150.2836,553.5156
177000,1359.3575,83.6419,555.8935
178000,2742.8805,152.1276,555.2609
179000,2870.0354,158.1079,554.9130
180000,2298.6084,130.2920,553.9429
181000,1459.1651,88.1367,554.4432
182000,723.3688,52.0350,554.5591
183000,2408.2782,135.7798,554.8604
184000,2765.0524,153.2177,555.5020
185000,1913.0969,110.4727,553.9416
186000,2934.1781,161.3285,553.0956
187000,3088.7090,168.9481,554.2795
188000,2824.4091,155.8704,554.2391
189000,1103.2670,70.8779,554.8819
190000,2299.0098,129.9963,554.5207
191000,1185.3668,75.2192,554.0832
192000,1275.4887,79.1465,555.9598
193000,824.4006,56.8376,553.3523
194000,2736.5701,152.0208,554.7492
195000,2610.2293,145.4805,555.4117
196000,831.0227,57.3679,556.1314
197000,2068.5625,118.3167,553.3352
198000,2283.9901,129.1349,553.0364
199000,2686.1539,149.2087,554.8304
200000,2569.3784,143.7457,554.5052
201000,2859.1361,157.9103,556.8140
202000,1968.8428,113.5150,555.3732
203000,3025.5657,165.6686,552.0513
204000,919.0933,61.5533,555.9262
205000,1797.9921,105.0334,553.3121
206000,3248.5343,176.7188,553.7555
207000,856.7444,58.1731,554.0310
208000,630.5337,47.0730,555.6904
209000,1804.3897,105.1532,554.9697
210000,2954.5621,162.2781,552.8536
211000,3269.1571,177.8302,554.3089
212000,1295.5989,79.8644,552.7467
213000,2819.1366,155.6916,554.6418
214000,3206.2981,174.8472,553.2374
215000,3093.1019,169.3701,554.3732
216000,3572.2857,192.4541,555.1310
217000,3161.7014,172.3512,554.5056
218000,1961.9455,112.7321,553.6673
219000,3496.1586,188.9270,555.7948
220000,3141.5849,171.5800,554.4231
221000,3199.4790,174.1913,555.0377
222000,1076.6435,69.0709,554.3681
223000,3132.8739,171.2367,555.3116
224000,3198.0233,174.2540,554.4037
225000,3451.3060,186.8300,554.8383
226000,2652.8095,147.4370,554.5045
227000,2820.6598,155.7715,554.5882
228000,3194.2489,173.9345,554.6302
229000,1488.3700,89.4500,553.9377
230000,3683.4048,198.0632,554.3538
231000,3008.7957,164.5518,554.6361
232000,2784.5911,153.7606,553.7105
233000,2807.2990,154.7851,555.2575
234000,2701.6774,149.7406,554.0331
235000,3441.7639,186.0774,554.7742
236000,847.7760,58.1544,553.4403
237000,947.6133,63.2725,555.1888
238000,3152.3682,171.8565,552.5409
239000,1767.8075,103.4031,554.6363
240000,1257.4070,78.0303,555.7614
241000,1205.2911,75.7167,553.9923
242000,3444.4323,186.1776,554.0140
243000,3432.9766,185.7030,554.9034
244000,2387.4031,134.1329,554.0759
245000,1903.6452,110.0783,553.2955
246000,2604.5010,145.0999,554.3992
247000,2948.1098,161.5539,554.7019
248000,2390.3759,134.3079,554.6808
249000,2074.4810,118.4187,554.6520
250000,3497.4572,188.8915,556.0396
251000,2806.2972,154.8768,554.7196
252000,3084.6702,168.8075,555.5246
253000,1234.5930,77.2805,554.5308
254000,3340.3937,181.0853,554.8612
255000,3557.2009,191.6633,554.2873
256000,2043.0398,117.2262,554.9908
257000,3436.0752,185.8397,554.9613
258000,328.0125,32.6331,555.5429
259000,3034.2795,166.1335,554.0499
260000,607.2918,46.4804,554.9779
261000,3684.0780,197.8481,554.4801
262000,3052.0758,166.8952,555.8012
263000,1286.1169,79.9116,554.7491
264000,3152.2522,171.7749,553.9024
265000,2655.5124,147.0694,554.3944
266000,3189.6031,173.7635,553.7405
267000,3503.4876,188.9146,554.5578
268000,2316.4477,130.4930,555.4007
269000,3362.5580,182.3331,554.2473
270000,3762.7609,201.8541,554.8814
271000,2388.4364,133.8964,555.4472
272000,3860.5364,206.3091,554.7793
273000,1133.9454,71.9529,554.2189
274000,2301.9722,129.4686,553.2795
275000,2632.7830,145.7852,553.8330
276000,-130.3385,9.5176,554.4424
277000,204.0664,26.1525,555.4743
278000,1639.7988,97.1526,555.0883
279000,3396.7661,183.8844,555.1020
280000,3960.9446,211.5956,554.9678
281000,3482.3037,188.1845,555.3970
282000,3191.7119,173.8859,555.0171
283000,3586.0670,193.1877,556.5954
284000,3578.9655,192.7073,553.9808
285000,1278.7845,78.9593,553.9451
286000,3419.5859,184.5765,553.4348
287000,1972.2698,113.5926,555.3621
288000,980.5891,64.5705,553.3119
289000,3329.9934,180.3887,553.3157
290000,3023.0606,165.2436,554.2342
291000,1970.6198,113.5000,554.4283
292000,1396.8221,85.0848,554.7422
293000,1741.8409,101.9506,555.4733
294000,2824.9853,155.6314,555.4117
295000,2165.2369,122.7012,554.9494
296000,3516.3235,189.6829,555.6315
297000,3169.4874,172.6387,554.8006
298000,1199.0167,75.4019,555.2222
299000,962.0547,63.7519,555.5098
300000,3254.8198,176.7385,556.5565
301000,3623.3847,194.6064,554.5290
302000,3295.3120,178.5918,554.1549
303000,3476.6700,187.3358,554.9766
304000,2844.9529,156.8537,554.4757
305000,2313.6049,130.4200,555.1027
306000,3739.5331,200.2540,555.5538
307000,3496.8329,188.5938,554.9954
308000,3721.1208,199.3322,555.4582
309000,-241.5267,2.3189,555.3516
310000,1428.4036,86.6984,555.7227
311000,3118.2972,170.0519,555.4942
312000,1917.2277,110.7475,553.7563
313000,3555.4971,191.3838,553.0372
314000,3643.2497,195.8990,554.8272
315000,2763.1506,152.4558,555.8974
316000,2178.1501,123.6078,555.7769
317000,876.0513,59.4800,555.1930
318000,3825.6559,204.5533,555.2794
319000,3766.9336,201.3193,552.7991
320000,3245.8502,176.1416,553.7944
321000,3484.8100,187.8373,555.7520
322000,3301.2847,179.1300,554.1786
323000,3807.7243,203.4525,553.4971
324000,3834.1440,204.7975,553.1731
325000,3420.9309,184.8438,552.9874
326000,3726.3177,199.6024,554.2963
327000,3690.8747,197.8615,554.3688
328000,1892.2522,109.5669,556.8546
329000,3352.5310,181.3310,554.5606
330000,4077.6250,216.6261,555.0594
331000,1367.2176,84.2154,554.2104
332000,3903.8316,208.1881,555.0666
333000,3712.8084,198.9311,555.1956
334000,981.2304,64.7809,554.7513
335000,3329.7610,180.1659,555.0351
336000,3507.3680,188.9756,554.5491
337000,537.7906,43.4394,553.6348
338000,3521.5652,188.9890,555.9288
339000,3855.6178,205.7185,554.9799
340000,3224.0330,174.4012,555.8014
341000,2532.5533,141.1726,556.7379
342000,2859.8436,157.1210,555.3970
343000,4208.6625,222.5447,554.2186
344000,3869.5239,206.3402,554.2318
345000,2753.0911,151.6452,554.8495
346000,2090.2711,119.4602,553.9400
347000,2789.6640,154.0882,556.1588
348000,3494.3358,188.2286,556.0144
349000,1380.8919,84.1787,553.9931
350000,3676.1116,196.9284,553.6249
351000,1604.3611,94.9031,554.2712
352000,1286.9792,79.7172,554.9481
353000,2014.2788,115.7694,554.5341
354000,3709.7124,198.5965,555.8759
355000,4017.4687,213.7203,554.1991
356000,3651.4336,195.6644,554.9475
357000,4185.7790,221.6743,554.9441
358000,4172.9140,221.2126,554.7133
359000,1648.6519,97.6205,555.4590
360000,4023.9738,213.8106,555.5278
361000,3813.3622,203.7821,553.2530
362000,3212.1791,174.7044,555.7486
363000,4010.0277,213.1862,553.1207
364000,4081.7247,217.2169,554.5802
365000,1011.9374,65.6896,554.0413
366000,3778.3816,202.0696,555.6484
367000,3789.4399,202.6065,555.2605
368000,3157.4661,171.7594,553.2486
369000,3782.3224,202.2951,555.1197
370000,497.7459,40.0807,555.0084
371000,3532.6944,189.9248,554.7340
372000,4081.8104,216.9760,554.5123
373000,861.5665,59.0658,554.5216
374000,3448.3478,186.0297,555.2643
375000,3998.4292,212.4515,554.3476
