timestep,reward,distance,control_cost
1000,-500.2682,0.4801,511.8261
2000,-545.7890,0.3304,553.7202
3000,-662.0506,-5.4848,550.7640
4000,-565.9615,-0.9632,547.8083
5000,-420.1681,5.7135,534.4457
6000,-357.0632,8.6596,529.1678
7000,-102.9892,21.0549,523.9189
8000,-232.4721,14.3136,517.5311
9000,103.1282,31.4097,527.0078
10000,150.4955,33.9736,529.5392
11000,109.9718,32.0608,531.2083
12000,200.9796,36.6228,532.1065
13000,227.8226,38.0778,534.4290
14000,99.3702,31.9052,536.9046
15000,181.8720,35.9295,537.1495
16000,-390.0470,7.5925,543.0673
17000,-529.0058,1.0632,550.0901
18000,75.0566,30.7012,539.6740
19000,277.6137,40.9492,543.3642
20000,282.6155,41.3337,543.6186
21000,234.1328,38.8771,541.6279
22000,170.5940,35.6736,542.9107
23000,122.8825,33.3697,544.8113
24000,-732.6599,-9.3394,547.6123
25000,-619.7441,-3.5873,546.8751
26000,-404.3862,6.8671,543.0470
27000,-419.3057,6.3256,547.1750
28000,-549.0664,0.0992,549.1813
29000,-39.8950,25.1173,540.4619
30000,-464.1695,4.1095,547.5682
31000,-61.5816,24.1808,545.0346
32000,434.5790,49.1455,547.2071
33000,499.9737,52.4943,548.4847
34000,449.6251,49.7142,546.2519
35000,346.9120,44.7791,548.0675
36000,631.6865,58.9267,548.3406
37000,683.5549,61.7281,551.2268
38000,1438.8713,99.5977,551.4443
39000,1256.9064,90.3313,550.4056
40000,1275.2698,91.3584,551.4203
41000,1856.7720,120.5470,552.8349
42000,1818.7440,118.5649,554.1553
43000,1948.7777,125.1384,554.1241
44000,2011.8633,128.2645,552.9729
45000,1818.9536,118.5823,553.8782
46000,1886.6847,122.0579,553.6823
47000,1861.5954,120.8197,552.8486
48000,1909.5414,123.1886,553.4988
49000,2066.1454,131.0511,554.0464
50000,1859.5229,120.6200,551.8258
51000,1713.7101,113.3669,551.6788
52000,1706.4140,112.9688,553.4395
53000,2142.3721,134.6549,552.7078
54000,1189.5989,87.0749,552.0096
55000,1677.4354,111.4907,551.9336
56000,1849.1459,120.1351,552.6918
57000,1629.1776,109.0019,552.4650
58000,2333.6476,144.3153,553.8238
59000,2028.8477,129.2201,554.0175
60000,1878.8885,121.7780,554.8105
61000,1996.3975,127.4438,553.2321
62000,241.3306,39.4948,547.8625
63000,2033.4486,129.3782,553.0193
64000,256.1158,40.1398,547.6187
65000,2187.0396,137.0795,554.4673
66000,1191.6571,87.1563,552.1730
67000,1384.8663,96.8403,550.5341
68000,1785.6450,116.9360,552.5437
69000,2047.6344,129.9987,552.8418
70000,1886.3497,121.8706,552.6302
71000,2307.8169,143.1064,553.1399
72000,2004.4322,127.8530,554.2219
73000,613.3813,58.3714,553.1173
74000,972.1110,76.0656,549.9576
75000,2066.6985,130.9770,554.1641
76000,2286.0293,142.0402,552.8371
77000,2136.6989,134.5151,554.6458
78000,1933.3294,124.3781,555.4134
79000,1993.9373,127.3932,554.5919
80000,2132.9722,134.2841,554.2784
81000,2272.6182,141.3374,554.3750
82000,2019.7440,128.7068,554.7918
83000,1869.6094,121.0927,553.9386
84000,2057.7495,130.4927,553.7303
85000,1863.6679,120.8444,552.9609
86000,2235.9369,139.5324,553.9770
87000,2069.9553,131.0948,552.7335
88000,2201.5580,137.8503,553.9006
89000,2092.8603,132.4101,553.6815
90000,2313.7581,143.3560,554.2484
91000,2207.0979,137.9048,552.6509
92000,2145.2150,135.0391,553.9018
93000,2221.6964,138.7501,553.1928
94000,2215.6074,138.3626,552.7941
95000,2163.6410,135.9311,553.0818
96000,1991.4875,127.2970,553.8518
97000,2122.2035,133.8344,552.6894
98000,2222.0242,138.8756,554.4329
99000,2325.6254,144.0398,554.9560
100000,2179.1015,136.6389,555.1540
101000,643.8677,59.7822,552.7461
102000,2252.0649,140.1913,553.0695
103000,965.9398,75.8675,552.0530
104000,2178.7221,136.7674,554.9801
105000,2313.4330,143.4717,554.5386
106000,2289.1591,142.1593,553.4121
107000,2282.0494,141.7350,553.9213
108000,2144.4234,134.9825,554.4058
109000,2420.9933,148.7560,553.4535
110000,2443.2499,149.8667,552.7351
111000,2293.9076,142.4543,554.7498
112000,2435.6666,149.5375,553.7591
113000,2364.4171,145.9207,552.7278
114000,2508.1783,153.2009,554.8211
115000,2413.5340,148.4219,553.7548
116000,2567.6487,155.9830,552.9333
117000,2520.2501,153.7390,554.2698
118000,2668.4727,161.1792,553.2696
119000,2614.7088,158.3549,553.3042
120000,2440.3260,149.7428,553.9126
121000,2587.7542,157.1484,553.6386
122000,2653.8779,160.3485,555.0651
123000,2178.1268,136.5080,553.6183
124000,2583.0769,156.8563,554.9860
125000,2619.3758,158.6646,554.4274
126000,2768.2532,166.2594,555.2831
127000,2443.9556,149.9513,554.7909
128000,2442.7387,149.7869,553.1210
129000,2619.4867,158.6206,554.7993
130000,2724.6334,163.9013,553.5497
131000,2606.3163,158.1071,553.8859
132000,2298.9619,142.5331,553.1079
133000,2350.9120,145.2203,552.4589
134000,2396.9703,147.5079,554.5482
135000,2350.0206,145.2879,554.3061
136000,2485.4183,151.9670,554.8416
137000,2882.2107,171.7676,553.6174
138000,2474.1583,151.4288,553.3127
139000,2764.1444,165.8572,553.6816
140000,2531.2777,154.3193,554.6372
141000,2822.0048,168.7081,552.9795
142000,2668.4831,161.1421,553.8100
143000,2635.6226,159.6401,555.8264
144000,2874.4602,171.5458,554.7864
145000,2267.2191,141.1396,553.8624
146000,2557.6127,155.4836,552.8876
147000,2678.5968,161.5899,554.3468
148000,2586.9355,157.1339,554.4542
149000,2685.3389,161.8575,553.4044
150000,2777.0306,166.5859,554.3415
151000,2571.5322,156.3103,553.8396
152000,2804.9141,168.0142,554.6094
153000,2695.4068,162.4708,554.1539
154000,2537.1520,154.5585,555.2671
155000,2855.2084,170.5370,556.3336
156000,2689.8490,162.2357,553.6767
157000,2751.7575,165.1944,552.1903
158000,2690.1756,162.2711,554.7103
159000,2820.6408,168.6830,554.6840
160000,2529.9918,154.1316,553.2447
161000,2658.3687,160.5553,553.5158
162000,2653.1503,160.4491,555.0463
163000,2763.9141,165.7763,552.8371
164000,2878.4413,171.6255,554.8914
165000,2869.0990,171.1564,554.3676
166000,2724.4349,163.9511,553.9261
167000,-5.7050,27.4557,553.4097
168000,2721.4246,163.8520,555.2800
169000,2906.7167,173.0214,554.9317
170000,2349.1465,145.0895,554.0148
171000,2784.5821,166.9942,554.2538
172000,2711.0794,163.2929,554.4255
173000,2767.9684,166.0235,553.6318
174000,2769.9251,166.1668,553.9913
175000,2896.3621,172.4556,552.6534
176000,2621.7783,158.6906,553.9128
177000,2929.7870,174.2560,554.3246
178000,2972.2716,176.3064,554.1601
179000,2882.3571,171.9005,554.8099
180000,2540.8013,154.8718,555.7743
181000,2939.5388,174.7650,556.7948
182000,2839.3789,169.5851,554.0344
183000,2703.1065,162.9227,554.7220
184000,2924.9764,174.0118,555.3817
185000,2805.8865,168.0392,554.5513
186000,3019.2651,178.7381,554.2271
187000,2662.5233,160.9728,555.6745
188000,2862.7981,170.7607,553.9984
189000,2990.8266,177.2168,554.1675
190000,2800.1148,167.7143,554.5792
191000,2845.0086,169.9796,555.0350
192000,2935.6105,174.5036,555.3630
193000,2942.4260,174.8021,554.3943
194000,3003.4968,177.8954,553.6778
195000,1760.3545,115.6711,554.6552
196000,2952.3456,175.2652,554.7946
197000,2840.8523,169.8060,554.6782
198000,3138.7641,184.6309,553.6455
199000,3007.4944,178.1602,554.3264
200000,2771.0262,166.2320,553.8124
201000,2954.5706,175.4538,554.2431
202000,2974.8322,176.5608,554.6177
203000,2908.6717,173.1225,555.6992
204000,2853.5951,170.2254,552.5447
205000,2917.5404,173.6976,555.0282
206000,3098.5490,182.6880,553.3354
207000,2975.1347,176.5744,554.5927
208000,2708.0614,163.1031,554.3952
209000,2996.4858,177.4700,553.5997
210000,2996.5136,177.4878,554.5097
211000,3107.4688,183.1975,554.5343
212000,3096.5315,182.5211,555.0622
213000,2861.3778,170.8070,553.6211
214000,3004.3525,177.8878,552.5219
215000,2958.6437,175.5593,554.2980
216000,3021.3260,178.6636,553.2956
217000,3142.3141,184.8664,554.3136
218000,3256.0252,190.4131,553.1006
219000,3130.2335,184.3318,554.8242
220000,3253.8164,190.4928,555.0068
221000,1861.1906,120.9117,555.0586
222000,2250.2681,140.3062,554.6474
223000,3100.0060,182.6519,553.5706
224000,3276.9545,191.6703,555.9137
225000,3109.1266,183.1652,554.4291
226000,3223.1470,188.7198,552.9592
227000,3179.5187,186.6350,553.9307
228000,3148.9648,185.1193,554.8903
229000,3147.7035,185.0432,555.1399
230000,3491.8367,202.3477,554.9037
231000,3241.7017,189.6985,553.6715
232000,3561.8057,205.6924,553.3055
233000,3277.7712,191.7494,555.6315
234000,3349.1693,195.2242,554.0826
235000,3138.1472,184.6251,555.9202
236000,3211.5224,188.2124,552.7736
237000,3503.8152,203.0071,555.1575
238000,3143.5854,184.8976,555.0618
239000,3267.6857,191.2153,554.8903
240000,3448.3712,200.2587,555.6982
241000,3292.3996,192.3182,554.5547
242000,3278.2959,191.6256,554.0506
243000,3062.7129,180.8899,553.9426
244000,3261.7702,190.8599,554.5395
245000,3244.5258,189.9089,553.7894
246000,3459.9828,200.6337,554.4907
247000,3289.1477,192.2459,554.4916
248000,3520.9690,203.7963,553.8601
249000,3377.8305,196.6728,553.6942
250000,1865.3299,120.9150,553.8787
251000,3576.3702,206.5313,553.8725
252000,3355.4193,195.4136,553.8173
253000,3613.0581,208.2578,552.1185
254000,3337.5883,194.5731,553.1325
255000,3411.2354,198.2200,554.6721
256000,3465.4481,200.9644,554.3360
257000,3402.3885,197.8824,554.4960
258000,3353.9069,195.3690,553.3997
259000,3417.4070,198.6120,556.5304
260000,3584.3784,207.0128,554.6128
261000,3611.4482,208.1923,553.9261
262000,3492.6699,202.4624,555.5936
263000,3683.9244,211.9390,553.9735
264000,3167.0056,185.9882,552.3901
265000,3701.5189,212.7911,552.7522
266000,3709.1684,213.1829,554.4105
267000,3520.2554,203.7735,553.2357
268000,3541.9979,204.7785,553.6828
269000,1690.6056,112.1121,552.8882
270000,-81.5511,23.6395,553.8027
271000,586.9781,56.9826,553.4498
272000,3581.4232,206.6465,552.2039
273000,3481.0319,201.7414,553.1503
274000,-33.1839,25.9387,552.1410
275000,3688.5563,212.0335,553.6965
276000,3673.1808,211.3558,551.9618
277000,3695.3622,212.4366,554.9532
278000,3974.6968,226.1740,550.4907
279000,3756.7353,215.3854,552.9116
280000,2229.2082,139.0907,554.0348
281000,3775.5264,216.4125,552.2765
282000,521.0375,53.7867,555.1339
283000,3689.8068,212.1655,552.2298
284000,3765.1910,215.9395,552.2901
285000,3849.6385,220.0753,551.4653
286000,3788.6953,217.1149,552.1348
287000,3941.3769,224.6377,552.2216
288000,3986.8110,226.9364,550.5132
289000,3988.6023,226.9878,551.2468
290000,3777.5922,216.4110,551.1574
291000,3517.4861,203.5707,553.0442
292000,3804.1515,217.7802,552.8207
293000,3893.6319,222.3236,553.0512
294000,3873.5464,221.2073,551.1126
295000,3926.6637,223.9570,551.0128
296000,3835.4048,219.3343,552.2040
297000,3958.9031,225.5392,552.9214
298000,3642.3522,209.5913,550.1119
299000,3848.7382,219.9690,551.3688
300000,-467.7263,4.2174,552.8404
301000,3747.2625,214.7885,549.0988
302000,3926.0909,223.7016,549.3514
303000,4014.2769,228.1203,549.6617
304000,3727.3732,213.8473,551.1262
305000,3758.5741,215.3464,549.6493
306000,3985.4266,226.7339,550.3094
307000,3784.4705,216.7792,549.8268
308000,4188.8670,237.0150,549.4354
309000,3919.3830,223.4698,550.1526
310000,4035.1648,229.1776,549.2334
311000,3985.5974,226.6988,550.0180
312000,4027.0496,228.9022,551.5585
313000,4271.7534,241.0785,550.5552
314000,3996.6031,227.5186,552.4729
315000,4173.7513,236.3204,550.6866
316000,3981.9918,226.6508,549.9048
317000,4338.7611,244.3143,548.5751
318000,3910.8522,223.2045,551.8238
319000,4080.0667,231.3707,548.5615
320000,4204.6881,237.6338,548.7438
321000,4244.0608,239.7451,551.3960
322000,4144.8229,234.7885,549.8600
323000,4235.0092,239.1666,550.0154
324000,3607.1917,208.0409,553.1999
325000,3923.4136,223.7147,549.9125
326000,-421.9428,6.7318,555.6904
327000,4189.4642,236.8971,549.7612
328000,4152.4508,235.1150,550.2942
329000,4007.8465,228.0043,550.7241
330000,4053.6469,230.0610,549.0717
331000,3886.0252,221.8344,549.9394
332000,4298.4330,242.3318,548.5842
333000,3940.7955,224.5751,549.9346
334000,4105.8708,232.7266,549.1010
335000,3713.6003,213.2009,551.2583
336000,4161.5363,235.5808,551.6220
337000,4088.9586,231.9056,549.2805
338000,4271.6634,241.0303,549.9708
339000,3978.5694,226.3059,549.4626
340000,4195.7586,237.2365,549.0852
341000,4321.0273,243.4874,549.8434
342000,4308.9916,242.9599,549.8203
343000,4286.3644,241.6945,548.7411
344000,4090.2360,232.0891,550.5482
345000,4355.2159,245.2757,549.4274
346000,4175.4831,236.4686,552.3861
347000,4022.1793,228.4933,549.4681
348000,4089.4106,232.0684,550.3792
349000,4280.2190,241.4817,549.8080
350000,4398.3518,247.2993,548.7779
351000,4348.9861,245.0293,550.0127
352000,4048.4633,230.0519,550.7078
353000,4416.0027,248.3281,550.9138
354000,3991.1795,227.0516,550.3740
355000,4338.4744,244.4049,548.6783
356000,4263.9211,240.7420,550.8770
357000,4141.2375,234.5086,547.4559
358000,4290.9548,242.0847,549.3936
359000,4450.7242,250.0681,548.8405
360000,4218.2556,238.4062,549.4187
361000,4269.4753,241.1209,552.0646
362000,4399.7159,247.5189,549.1813
363000,4182.4174,236.5056,548.7986
364000,4079.7953,231.5097,549.0074
365000,4212.8565,238.1968,549.8375
366000,4141.7726,234.6840,550.3159
367000,4352.6290,245.1958,549.5906
368000,4288.8327,241.8570,548.5003
369000,4327.4731,243.8977,548.9445
370000,4216.7301,238.3898,551.3991
371000,4218.3144,238.3582,549.7911
372000,97.5523,32.5505,555.1453
373000,4092.1570,232.0381,549.6045
374000,4267.8412,240.9564,550.1321
375000,4495.1525,252.2491,550.0437
376000,4135.2214,234.1471,549.4801
377000,1221.3274,88.6767,552.6638
378000,4101.3913,232.6239,550.9770
379000,4266.2363,240.8259,550.3382
380000,4213.3469,237.9987,548.3103
381000,4502.7767,252.6358,549.1333
382000,4533.2133,254.0407,547.0518
383000,4228.4831,238.9851,549.3257
384000,4416.5403,248.2387,547.7042
385000,4445.5321,249.7023,548.6942
386000,4182.4518,236.7320,550.3479
387000,4549.8441,254.8597,549.0111
388000,4393.0958,247.0818,547.9136
389000,4419.4226,248.4453,548.0443
390000,4397.2736,247.2911,547.5980
391000,4231.7178,239.0728,549.5853
392000,4445.4155,249.6616,548.9011
393000,4463.3917,250.5390,549.3091
394000,4128.1253,233.8490,548.4501
395000,4267.5967,240.7859,549.3624
396000,4440.1925,249.5537,549.6625
397000,4279.3436,241.4389,547.7934
398000,4237.8818,239.3413,549.8955
399000,4279.3023,241.4186,547.8227
400000,4490.8668,252.0703,548.6792
401000,4487.3351,251.8948,548.7900
402000,4437.3725,249.2511,548.5377
403000,2005.1506,127.7882,549.6166
404000,4346.7031,244.9065,550.8332
405000,4258.9034,240.3605,549.3426
406000,4588.0664,256.7352,547.1821
407000,4462.4089,250.4768,548.8340
408000,4511.3410,253.0589,548.8477
409000,4316.1071,243.2348,546.6394
410000,4286.4527,241.7398,548.9023
411000,4446.5609,249.7709,547.3909
412000,4630.6626,259.0179,549.5807
413000,4334.4779,244.2309,550.1705
414000,4620.6510,258.2613,545.7504
415000,4515.4040,253.2282,548.0393
416000,4506.2802,252.6900,547.6972
417000,4461.9091,250.4160,547.1032
418000,4538.5824,254.3807,548.6745
419000,4294.4385,242.1024,548.0013
420000,4314.8487,243.0444,547.8465
421000,4304.5764,242.6279,547.5903
422000,4547.7462,254.6670,547.3616
423000,4528.7121,253.8374,546.1616
424000,4496.3350,252.3342,549.2802
425000,4694.7838,262.0620,547.9967
426000,4380.0994,246.3238,546.7225
427000,4595.5577,257.1499,548.3054
428000,4763.8791,265.5431,547.8336
429000,4413.4445,248.0607,548.3263
430000,4216.9325,238.1996,548.1499
431000,4647.0931,259.7318,545.8776
432000,4755.8319,265.1399,548.3992
433000,4736.9617,264.1745,547.3999
434000,4421.2684,248.3966,547.7434
435000,4553.7095,255.0863,546.9885
436000,4365.0846,245.6545,547.6824
437000,4477.8652,251.2775,546.8209
438000,4440.8709,249.3498,546.8723
439000,4417.6227,248.3239,547.3748
440000,4553.3999,255.0186,547.0707
441000,4244.9778,239.7727,548.8633
442000,4737.7537,264.3700,547.6833
443000,4631.2173,258.9958,548.5914
444000,4682.8740,261.4706,546.5551
445000,4691.6848,261.8751,546.2531
446000,4763.0461,265.4744,548.0327
447000,4800.8849,267.3514,547.0531
448000,4779.3843,266.3260,548.8280
449000,4597.6913,257.2824,548.6621
450000,4689.6415,262.0061,549.0675
451000,4659.1259,260.3800,548.0412
452000,4513.0048,252.9367,547.0351
453000,4815.1086,268.1235,546.9825
454000,4637.4702,259.2761,548.4291
455000,4506.9705,252.7364,549.3300
456000,4759.5088,265.5076,549.0650
457000,4615.0903,258.2306,548.5573
458000,4556.5248,255.1528,547.8508
459000,4657.4460,260.2736,548.1366
460000,4522.7782,253.5851,549.3075
461000,4519.4665,253.3553,547.8949
462000,4585.6901,256.7138,548.0295
463000,4696.3756,262.3340,548.9866
464000,4467.4781,250.8313,548.9856
465000,4822.9408,268.6736,549.8446
466000,4707.5615,262.8267,547.0280
467000,4698.4787,262.3123,547.6944
468000,4835.9975,269.1242,545.8591
469000,4759.3101,265.3613,547.5497
470000,4817.8206,268.2552,548.1800
471000,4702.0585,262.4714,548.9078
472000,4593.0346,256.9756,546.8192
473000,4672.3443,260.9669,546.7759
474000,4737.6660,264.3481,547.4320
475000,4905.9872,272.6979,545.9805
476000,4648.2570,259.8284,547.6789
477000,4789.8434,266.9051,548.0756
478000,4433.0410,249.0277,549.0741
479000,4689.2119,261.7904,547.1575
480000,4587.4460,256.8308,547.7850
481000,4740.4158,264.3462,546.3106
482000,4608.5186,257.8682,547.4123
483000,4617.7871,258.2141,547.5447
484000,4573.0284,255.9756,547.5549
485000,4835.7939,269.2609,548.5610
486000,4656.9657,260.0909,546.2943
487000,4653.0283,260.1532,548.5921
488000,4946.5871,274.7656,547.1281
489000,4706.4727,262.6369,547.2856
490000,4846.7255,269.7222,548.7642
491000,5072.6919,280.9512,545.8381
492000,4744.6507,264.5738,548.8229
493000,4836.4263,269.2553,547.2366
494000,4584.3909,256.5979,547.1949
495000,4761.7463,265.4644,546.6407
496000,4806.3754,267.7006,546.4760
497000,4650.3943,259.9214,546.9277
498000,4536.5908,254.2294,548.1479
499000,4694.7154,262.1732,547.9987
500000,4789.4473,266.9550,547.6864
501000,4602.0511,257.5122,547.7996
502000,4735.9654,264.2096,547.1775
503000,4737.3222,264.2167,547.5918
504000,4776.8589,266.3319,548.5026
505000,4726.1992,263.8128,548.9558
506000,4741.1696,264.3691,547.6085
507000,4753.2795,265.0179,546.5994
508000,4931.5207,273.8406,545.9382
509000,4632.3113,258.9240,546.3411
510000,4903.4861,272.5223,545.4537
511000,4857.7651,270.1548,544.8078
512000,4875.0021,271.1289,546.6457
513000,4968.4743,275.6334,544.6220
514000,4768.0831,265.6537,545.7327
515000,4591.8867,256.9303,544.8125
516000,4917.2330,273.1826,546.0667
517000,4698.7081,262.2270,547.8201
518000,4445.0743,249.6251,545.7009
519000,4772.5988,266.1204,547.9595
520000,4787.0754,266.6893,546.5068
521000,4833.9374,268.9992,545.6177
522000,4577.6852,256.2066,547.2204
523000,1753.6625,115.3494,551.4551
524000,4887.5001,271.7373,545.5957
525000,4732.3435,263.9875,545.6045
526000,4548.1655,254.6543,545.0024
527000,3750.3253,215.0482,549.4745
528000,4816.3023,268.0461,545.0105
529000,4847.4216,269.6966,547.6553
530000,4916.8478,273.1427,544.4194
531000,4896.2557,272.1584,545.6826
532000,4890.5032,271.8927,547.7531
533000,4723.6936,263.4859,545.9038
534000,4792.9458,267.0043,546.8218
535000,4856.6625,270.1113,545.6712
536000,4721.7585,263.4988,546.5375
537000,4868.7500,270.8103,547.5596
538000,5113.2164,282.9131,545.4041
539000,4833.8917,269.0881,547.3813
540000,4850.7350,269.8391,545.3336
541000,4976.2615,276.0896,546.6068
542000,4749.4219,264.9169,547.2810
543000,4524.5489,253.5273,546.5126
544000,4938.9660,274.2728,547.6145
545000,4927.9632,273.7675,547.5046
546000,4924.5218,273.5903,546.2187
547000,3266.6434,190.6329,546.3471
548000,4977.9206,276.2812,546.7921
549000,4954.6607,274.9265,545.0193
550000,5021.8663,278.4458,546.5761
551000,5094.8287,281.9181,544.8797
552000,4880.0021,271.2971,544.6677
553000,4925.2599,273.6895,547.5944
554000,4775.6371,266.1744,547.4863
555000,4842.4841,269.5035,547.2319
556000,5027.1464,278.6455,547.3822
557000,4960.0473,275.3366,545.3724
558000,4732.1383,263.8306,543.0722
559000,4971.9711,275.8318,545.4703
560000,4997.6768,277.1527,545.2965
561000,4736.6931,263.9754,544.5364
562000,4845.2736,269.6434,547.2028
563000,4722.2529,263.3529,545.6556
564000,5018.2857,278.0847,544.3472
565000,4978.6464,276.2239,545.3358
566000,4772.6299,266.0043,546.2617
567000,4903.0386,272.4739,545.7110
568000,4967.7493,275.6848,545.8649
569000,4935.4377,274.2611,548.2696
570000,4886.2705,271.7700,547.6163
571000,4845.9516,269.5610,545.4143
572000,4829.7365,268.6794,544.9358
573000,5013.8723,278.0246,545.3906
574000,4802.5452,267.3716,546.3606
575000,5034.0258,278.9225,545.9404
576000,4810.4743,267.9162,546.7966
577000,4890.8684,271.9195,545.7774
578000,5070.2675,280.6608,544.6711
579000,5005.2662,277.5768,545.9582
580000,4931.1081,273.9492,546.2236
581000,4811.9907,267.7528,544.6271
582000,4883.3116,271.4532,544.5936
583000,4810.8609,267.7950,546.5201
584000,4987.7831,276.7502,546.0908
585000,4913.4846,272.8639,544.9797
586000,4890.4577,271.7556,546.3469
587000,5023.8238,278.4360,544.2767
588000,4906.2000,272.4149,543.8618
589000,4598.6201,257.0865,544.8757
590000,4908.3893,272.7490,546.4071
591000,4968.1499,275.6852,545.0240
592000,4981.2603,276.3125,545.8541
593000,4965.1519,275.4470,544.9889
594000,4798.3746,267.0878,544.7905
595000,4925.8220,273.6001,545.1017
596000,4814.9000,268.0650,544.6279
597000,4894.3104,271.9908,544.5634
598000,4938.3574,274.1657,543.4103
599000,5061.4106,280.4189,545.0420
600000,5013.6417,277.8147,544.1178
601000,5026.8973,278.4470,543.8060
602000,4829.9475,268.8638,546.6364
603000,5117.5248,283.1033,544.8064
604000,4824.7911,268.6019,545.5184
605000,4942.2700,274.3692,543.5084
606000,5009.1244,277.6085,543.1104
607000,5053.3527,279.8807,545.5693
608000,5018.4952,278.0098,542.8520
609000,5008.8345,277.6209,543.8012
610000,4897.9977,272.1008,544.8888
611000,5032.8395,278.9860,546.1295
612000,5032.3075,278.7108,543.7020
613000,5032.1251,278.7593,544.4167
614000,4969.3427,275.6192,544.8408
615000,5024.3379,278.3910,543.8231
616000,4804.7263,267.5168,545.7820
617000,4828.1290,268.6583,545.2663
618000,4560.2960,255.1083,543.4353
619000,5001.7172,277.2432,544.2733
620000,5266.1366,290.7114,546.8571
621000,5039.2022,279.1234,544.8345
622000,4819.6656,268.2568,544.1504
623000,5114.1021,282.8426,543.1829
624000,4901.9865,272.3640,544.9140
625000,5059.5531,280.0801,543.2225
626000,5023.5505,278.4845,544.4599
627000,5090.9744,281.7585,543.3077
628000,5074.4483,280.8930,543.5401
629000,4784.8053,266.5064,546.5422
630000,4684.9079,261.4726,545.9951
631000,4845.7704,269.5808,546.4048
632000,5138.4331,284.0686,543.2734
633000,4973.4653,275.8988,544.7341
634000,5083.0402,281.3890,544.9109
635000,5133.7577,283.9151,544.9638
636000,5131.0336,283.7992,543.8333
637000,5135.1455,283.9777,544.8741
638000,5063.1066,280.3977,544.5980
639000,5039.2312,279.1909,545.4476
640000,5075.4001,281.0028,543.8085
641000,4969.0981,275.7692,544.6884
642000,5095.9496,282.0518,543.7134
643000,5146.4049,284.5325,542.7029
644000,4927.9770,273.5641,543.3634
645000,5048.3798,279.6907,543.7158
646000,4987.1548,276.4785,542.8944
647000,5192.3801,286.8021,543.2569
648000,4922.5355,273.4127,544.0101
649000,5033.9692,278.8417,542.8008
650000,5189.8558,286.6564,542.0320
651000,5014.7849,277.7828,540.9673
652000,4893.8889,271.9182,545.6402
653000,5089.1793,281.7081,543.4378
654000,5185.1412,286.3513,543.1314
655000,4660.2492,260.1520,541.6310
656000,5066.6943,280.5936,543.7840
657000,5150.0553,284.6298,544.0569
658000,5037.2271,278.8052,539.7165
659000,5025.7803,278.4909,543.3251
660000,4963.0042,275.2555,542.8464
661000,5197.9221,287.1356,544.6810
662000,4869.9035,270.7343,543.4141
663000,4951.3040,274.5876,542.1700
664000,4882.3666,271.3298,543.2036
665000,891.3264,71.9791,549.3348
666000,4998.6134,277.0796,542.2032
667000,4891.5805,271.7422,541.7830
668000,5090.0513,281.5972,542.7524
669000,5066.3359,280.5328,543.1579
670000,4785.6647,266.3930,542.5827
671000,5179.8784,286.1840,542.8611
672000,4949.8040,274.6914,542.1210
673000,4933.2901,273.6350,540.1954
674000,5153.0699,284.6243,541.2652
675000,4916.9703,273.0458,542.8377
676000,5151.6154,284.5959,541.5503
677000,5259.5551,290.1280,541.5483
678000,4963.6181,275.3536,544.5581
679000,5041.6398,279.3088,543.3297
680000,4963.6430,275.2535,541.9849
681000,5056.7710,279.9524,542.1217
682000,4901.4815,272.2960,545.6544
683000,4527.4621,253.5804,543.8899
684000,5031.1418,278.5677,542.2008
685000,4696.9487,261.9451,542.1978
686000,5008.9433,277.6319,543.6381
687000,4903.6428,272.3231,543.7380
688000,4926.7858,273.2757,539.6536
689000,5119.1162,283.1509,542.7028
690000,5192.1633,286.7734,544.6535
691000,5151.4441,284.7011,542.9961
692000,5029.9422,278.6741,544.5991
693000,5026.3519,278.6523,544.8597
694000,4912.6156,272.8151,544.3474
695000,5126.0485,283.6038,544.7759
696000,4987.4255,276.5318,544.2009
697000,5140.8081,284.2304,542.5509
698000,4835.8150,269.1836,546.2464
699000,5122.3245,283.4197,544.8045
700000,4895.9143,272.0676,544.1178
701000,4917.3232,272.9953,544.0745
702000,5202.6925,287.4124,545.0835
703000,5113.1157,282.8900,544.1776
704000,4986.6497,276.4179,543.5132
705000,4894.6644,272.1268,546.5509
706000,5010.8560,277.8037,546.0979
707000,5099.5924,282.2961,544.7467
708000,5019.5872,278.1247,544.6839
709000,5206.0468,287.5529,543.8166
710000,5105.6871,282.4597,542.0870
711000,4990.3497,276.6943,544.3787
712000,5078.0884,281.1728,545.1029
713000,5076.8290,280.8880,542.8661
714000,5145.1645,284.3581,542.2547
715000,5053.3848,279.8746,544.7016
716000,5035.2593,278.9778,544.3757
717000,5079.2645,281.1134,542.5860
718000,5029.2266,278.6477,544.6827
719000,4836.2713,269.1352,545.0367
720000,4968.8273,275.4902,542.0456
721000,4925.6003,273.4983,545.3876
722000,5183.2765,286.3618,543.9621
723000,5035.4735,279.0946,544.9067
724000,5170.0207,285.6307,544.1988
725000,5122.1217,283.2780,544.7919
726000,4937.4634,274.0327,544.0023
727000,5133.4642,283.8279,542.7527
728000,5218.4983,288.1687,544.1094
729000,5218.9169,288.0246,543.1115
730000,5043.6469,279.3952,543.2228
731000,5124.8932,283.4152,544.2310
732000,4880.1949,271.3978,546.2245
733000,5240.1796,289.1325,543.8686
734000,4862.6693,270.3380,544.8795
735000,4897.7924,272.1098,545.4471
736000,5191.8694,286.7815,542.9315
737000,5246.5995,289.4383,543.1344
738000,5141.9368,284.2975,544.3823
739000,5209.2458,287.6724,544.1402
740000,4978.0856,276.0358,543.3599
741000,5012.1862,277.9065,544.0960
742000,4771.1275,265.8578,544.0769
743000,-174.1226,18.9944,552.8214
744000,5116.4537,283.0429,542.4606
745000,5227.4354,288.6318,544.1646
746000,4958.2245,274.9963,542.9549
747000,5361.1495,295.2652,542.5067
748000,5077.6867,281.0420,543.8342
749000,5317.7752,293.1699,545.2595
750000,5141.8207,284.2882,544.5618
751000,5006.7144,277.3942,542.8924
752000,5117.8407,283.0651,545.0201
753000,5197.8996,287.1395,544.4284
754000,4841.5913,269.1889,542.7844
755000,5246.5123,289.5851,543.9700
756000,5157.6564,285.2041,545.4581
757000,4902.8989,272.1701,542.4603
758000,4950.3925,274.8725,545.5566
759000,5157.0686,284.9359,542.6890
760000,5171.6694,285.8238,544.9025
761000,5165.8553,285.5754,545.0778
762000,5179.0395,286.1240,543.7762
763000,5230.7980,288.8360,546.0271
764000,1165.1002,85.8470,551.2749
765000,4972.1612,275.6888,543.2570
766000,5171.2185,285.7792,543.1700
767000,5058.1352,280.0234,543.4550
768000,5010.9416,277.6375,543.0754
769000,4953.9634,275.0481,545.0787
770000,5202.2493,287.2547,543.4106
771000,5007.6597,277.4702,543.6544
772000,5081.9702,281.2485,542.0687
773000,5063.5355,280.4224,543.3749
774000,4961.7282,275.3429,543.4137
775000,5239.5221,289.1064,541.8955
776000,5070.7664,280.6040,543.2384
777000,5057.2341,280.0483,545.1131
778000,5057.9671,279.9618,542.7912
779000,5156.3847,285.1013,544.8507
780000,5062.6677,280.3268,542.9159
781000,4392.8243,246.8306,544.5490
782000,5117.7349,282.9753,543.5508
783000,5176.0521,286.0271,544.2548
784000,5561.6650,305.2371,541.7429
785000,5117.1539,282.9901,543.8615
786000,5143.3525,284.3767,543.2222
787000,5193.5563,286.8278,543.8841
788000,5159.6349,285.0793,542.7475
789000,5136.5231,283.9575,543.2772
790000,5319.4098,293.0885,543.5541
791000,5368.4994,295.5700,544.0940
792000,5177.9540,286.1467,543.5651
793000,5300.8920,292.1993,541.8715
794000,5382.3700,296.3576,544.4501
795000,5158.6227,285.0784,542.9705
796000,5217.3122,288.0327,544.0702
797000,5017.2024,278.1908,544.9165
798000,5004.6136,277.3950,541.8259
799000,5314.4068,292.9042,542.6651
800000,5012.9605,277.5997,540.8926
801000,1102.1338,82.7644,551.8364
802000,5173.5629,285.8466,542.1736
803000,5152.8590,284.8116,542.5726
804000,5134.0647,283.9734,545.3639
805000,5169.0079,285.5743,541.9352
806000,5027.1439,278.5879,543.8334
807000,5084.7584,281.2979,542.8546
808000,5370.6139,295.8295,544.8412
809000,5284.9949,291.3798,544.0318
810000,5161.4618,285.2538,543.5256
811000,4758.1653,265.1157,543.3238
812000,5111.5612,282.7243,542.0629
813000,5473.3172,300.8847,542.9678
814000,5275.0646,290.8637,542.4575
815000,5231.8728,288.7191,541.8892
816000,5079.1476,281.0947,543.0843
817000,5299.3037,292.0546,543.1432
818000,5341.0289,294.1695,543.8930
819000,5224.7321,288.5630,545.3419
820000,4982.4100,276.3084,544.6111
821000,5307.5726,292.6175,543.7485
822000,5013.8188,277.8680,545.1716
823000,5206.6672,287.4374,541.5119
824000,5060.1946,280.1651,544.2250
825000,5308.8153,292.6450,542.9635
826000,4994.4929,276.8196,543.8753
827000,5050.3995,279.7335,545.0757
828000,5179.9235,286.0764,543.2269
829000,5450.6206,299.6404,543.5669
830000,5313.8052,292.8490,543.5450
831000,5079.0622,281.2260,545.0754
832000,5211.0335,287.6967,543.0289
833000,5090.5854,281.7134,544.6397
834000,4838.8557,269.0437,541.0739
835000,4732.3503,263.7299,542.4065
836000,5085.3215,281.5237,544.8145
837000,5121.3812,283.2251,542.0006
838000,5288.2992,291.4713,543.0358
839000,5495.8327,301.8193,542.1921
840000,5316.7684,293.0367,543.6605
841000,5237.7412,289.1143,542.8607
842000,5326.3352,293.3721,542.0606
843000,5239.6512,289.1895,545.6794
844000,5131.3886,283.6565,543.3327
845000,5052.4986,279.8483,544.2811
846000,5001.3397,277.2612,542.0018
847000,5221.1944,288.3385,543.8389
848000,5271.3970,290.7260,544.5478
849000,5055.3369,279.9667,542.0851
850000,5045.1312,279.4022,542.6658
851000,5348.0538,294.5796,542.3692
852000,5373.8022,295.9443,544.4605
853000,5087.6903,281.5007,542.9992
854000,4982.1721,276.3212,543.0489
855000,5118.9980,283.1538,542.5833
856000,5119.5922,283.0944,542.7948
857000,5193.7727,286.8541,544.1570
858000,5385.9220,296.3775,543.4158
859000,5345.4288,294.4767,544.1307
860000,5272.4205,290.7839,544.9765
861000,5121.6116,283.1743,541.8596
862000,5369.3066,295.7468,544.7050
863000,5046.3451,279.5374,544.3397
864000,5282.8061,291.2027,542.4573
865000,5000.1120,277.1335,542.5908
866000,5157.8899,284.9661,543.2115
867000,5201.5011,287.1938,543.1115
868000,5235.0042,288.8112,542.9822
869000,5373.5056,295.7825,543.1819
870000,5307.0590,292.4729,542.3081
871000,5256.2600,290.0519,544.5072
872000,5280.0770,291.1538,544.5394
873000,5432.9973,298.8027,542.1958
874000,5068.0761,280.5447,542.9176
875000,4947.5797,274.6071,543.7834
876000,5413.6832,297.8529,542.2907
877000,5506.9502,302.4431,542.3946
878000,5264.1393,290.2719,539.9193
879000,5324.8272,293.2869,540.5299
880000,5156.4259,284.8529,542.4647
881000,4638.2136,259.0164,543.6027
882000,5430.6640,298.6039,542.5387
883000,5365.6947,295.3934,543.5538
884000,5054.2411,279.7923,541.9176
885000,5192.5199,286.7482,542.8026
886000,4510.9935,252.8481,544.0851
887000,5464.6325,300.2983,541.6527
888000,5177.8580,286.0827,542.5940
889000,5376.7417,295.9957,542.3468
890000,5379.3968,296.0017,541.4858
891000,2695.1186,162.1557,547.5314
892000,5105.4791,282.3721,542.1469
893000,5274.8216,290.8506,542.4887
894000,5034.3551,278.7133,541.8421
895000,5559.7792,305.2714,543.8150
896000,5440.6149,299.0880,542.4801
897000,5181.1713,286.3070,545.2221
898000,5257.8421,290.1358,543.9772
899000,5489.1806,301.5811,543.3264
900000,5538.8852,304.0849,542.3003
901000,5388.9546,296.7042,543.7541
902000,5205.9475,287.5512,544.0058
903000,5267.0105,290.5081,544.0965
904000,5003.3686,277.3498,542.5920
905000,5255.2694,290.0490,544.3076
906000,5286.3922,291.3870,542.6694
907000,5071.5489,280.8491,544.4106
908000,5268.0866,290.4033,541.6610
909000,5446.7670,299.5195,543.8349
910000,5195.3675,286.9797,542.3067
911000,5514.6659,302.7448,541.8773
912000,5410.7211,297.7138,542.2668
913000,5313.2046,292.7677,540.9966
914000,5131.7138,283.6662,541.5716
915000,5239.6241,289.1218,542.1764
916000,5637.7509,308.7374,538.9107
917000,5668.3624,310.5033,541.7799
918000,5094.2106,281.7670,541.9657
919000,5357.2150,294.9674,541.9712
920000,5288.7504,291.6515,543.6058
921000,5268.1253,290.4789,543.3103
922000,5263.5254,290.4638,545.6492
923000,5448.1242,299.4415,540.9207
924000,5311.2225,292.6138,541.9869
925000,5340.3807,294.1770,541.9250
926000,5607.7941,307.5693,541.7904
927000,5236.9186,288.8926,541.5182
928000,5666.7834,310.5200,541.7361
929000,5622.6740,308.3606,543.2685
930000,4924.6486,273.4121,542.3561
931000,5224.1703,288.3610,543.8180
932000,5547.8636,304.4482,542.9083
933000,5373.5527,295.8211,542.7691
934000,4941.1593,274.3243,544.9617
935000,5363.2550,295.3344,541.9252
936000,5495.7579,301.8468,542.3329
937000,5658.0182,309.9245,541.7341
938000,5537.1078,304.0504,542.2499
939000,5496.4563,301.8989,541.9312
940000,5466.7454,300.5120,543.5967
941000,5462.6798,300.2744,542.0590
942000,5651.5284,309.5692,540.7251
943000,5579.2110,306.1100,541.8405
944000,5207.7192,287.5322,543.2309
945000,5409.4230,297.5841,541.9671
946000,5191.4829,286.6351,540.9722
947000,5464.9361,300.5679,544.8097
948000,5450.5151,299.7012,542.9810
949000,5536.5969,303.8836,542.6472
950000,5513.2903,302.7410,540.9709
951000,5563.9691,305.3560,544.1020
952000,5428.2738,298.4780,542.9624
953000,5552.5163,304.8361,542.5194
954000,5585.5718,306.3309,541.4864
955000,5258.9099,290.0832,543.2858
956000,5573.6106,305.6414,541.0288
957000,5383.0441,296.1931,541.8262
958000,5643.6850,309.3967,543.4417
959000,5562.6678,305.2526,543.2271
960000,5445.2175,299.4051,543.9734
961000,5385.0374,296.3597,543.2455
962000,5283.0909,291.2906,542.8826
963000,5349.4589,294.6303,541.3173
964000,5391.5742,296.5654,539.9796
965000,5213.3690,287.6595,541.7267
966000,5494.1987,301.8459,541.9093
967000,5257.6965,289.9172,541.2161
968000,5580.6461,306.1284,542.9236
969000,5424.4823,298.4335,542.7539
970000,5572.7378,305.8074,543.7005
971000,5461.1898,300.2501,542.3153
972000,5400.7781,297.2720,542.9341
973000,5393.1656,296.7641,542.2067
974000,5594.0601,306.7012,541.7730
975000,5685.9503,311.4481,542.8310
976000,5743.2034,314.2150,539.8254
977000,5392.1304,296.6265,540.8690
978000,5529.8110,303.6455,541.3234
979000,5585.9672,306.2458,539.9306
980000,5490.4937,301.5901,540.9267
981000,5607.3007,307.3586,541.0528
982000,5295.4090,291.6421,539.3939
983000,5416.5546,297.7689,537.2517
984000,5642.1591,308.8322,536.0784
985000,5509.2300,302.4469,538.5106
986000,5720.0817,312.9353,540.2841
987000,5483.0513,301.2559,540.9160
988000,5169.9872,285.3586,539.1289
989000,5410.4128,297.6418,541.1991
990000,5540.0793,303.8630,539.0962
991000,5665.1631,310.2875,539.1961
992000,5337.0702,293.8839,540.0876
993000,5417.2987,298.0242,541.2044
994000,5454.6337,299.6192,538.3623
995000,5734.9727,313.6009,538.5408
996000,5562.3385,305.0224,539.5820
997000,5507.8901,302.3397,539.6619
998000,5699.7287,311.9844,539.4570
999000,5476.1750,300.8505,541.2220
1000000,5579.9216,306.0459,541.2637
