timestep,reward,distance,control_cost
1000,-167.4218,-2.8187,306.1029
2000,-183.2427,-3.6528,303.2852
3000,-181.4709,-3.5763,303.8479
4000,-152.9990,-1.9264,309.5976
5000,-63.4887,2.0430,302.8477
6000,-386.1579,-13.3806,306.8648
7000,6.0278,5.5153,307.7182
8000,-254.2119,-6.6148,309.0997
9000,-183.2662,-3.6711,306.8905
10000,-116.7603,-0.1970,307.1218
11000,-161.0696,-2.4638,305.7836
12000,-163.3940,-2.3750,310.9705
13000,-118.1694,-0.4117,305.9760
14000,-142.9402,-1.4764,308.8539
15000,-71.7546,1.9753,308.8222
16000,-243.9586,-6.5592,305.2417
17000,-225.5409,-5.7547,302.9009
18000,-96.8963,0.9986,311.9960
19000,-129.1991,-0.8674,306.5801
20000,-118.9215,-0.5158,306.8762
21000,-198.6878,-4.4506,304.9792
22000,-166.5144,-2.6344,308.2513
23000,-113.8735,-0.3675,303.5296
24000,-161.5880,-2.9208,301.2320
25000,-144.0632,-1.7369,307.9794
26000,-125.1588,-0.9754,305.3103
27000,-36.3071,3.2334,305.2849
28000,-166.0784,-3.0446,301.7246
29000,-182.3395,-3.7622,304.3934
30000,-81.8678,0.9585,303.2638
31000,-120.9203,-0.7882,305.8391
32000,-151.5727,-1.7702,308.4658
33000,-123.4761,-0.6327,307.7747
34000,-106.5863,-0.0175,303.7932
35000,-22.2092,3.9713,302.0707
36000,-76.6379,1.3223,302.5107
37000,-82.8788,1.2264,307.2769
38000,-184.2094,-3.9101,304.1501
39000,-79.5942,1.1899,299.5919
40000,-65.8745,1.9432,304.9062
41000,-23.9957,4.0276,305.8473
42000,43.5170,7.0043,300.9976
43000,-50.5495,2.7760,303.2277
44000,-51.5024,2.2346,296.9346
45000,-121.5010,-0.6934,304.1525
46000,-86.4883,0.9294,304.6765
47000,-91.6499,0.3942,300.9602
48000,1.2530,5.5253,309.5762
49000,-132.7970,-1.2099,302.2798
50000,-62.7692,2.1742,304.5708
51000,-107.9765,-0.1179,304.1054
52000,-79.7846,1.1468,301.5518
53000,-1.9496,4.9880,303.5509
54000,-12.1492,4.3317,297.1430
55000,-40.2387,3.2599,303.1562
56000,48.9179,7.6999,307.5657
57000,-17.9647,4.0834,303.0841
58000,7.2678,5.3105,301.8868
59000,-76.1596,1.2514,301.1862
60000,-12.9845,4.1171,300.6812
61000,21.8609,6.0386,300.9771
62000,-54.2031,2.0776,296.8473
63000,-88.4009,0.5068,299.5226
64000,-46.1057,2.6965,296.4237
65000,-33.8035,2.8592,298.5889
66000,-46.0157,2.4399,297.0108
67000,0.9337,4.8698,295.4678
68000,4.7800,4.9792,296.0523
69000,-3.5998,4.2602,295.3326
70000,50.5428,6.7868,296.7190
71000,-16.6302,3.6713,294.4341
72000,-38.9944,2.6356,297.2773
73000,43.6969,6.5857,297.8700
74000,44.4119,6.6042,289.4547
75000,6.2984,5.1914,299.5285
76000,-16.2338,3.7852,295.1724
77000,26.3084,5.5240,290.9070
78000,-11.6828,4.0519,298.3892
79000,-38.9701,2.4951,294.1235
80000,18.1002,5.1056,295.7363
81000,1.3112,4.2013,285.1117
82000,25.4157,5.2237,290.0176
83000,-62.1104,1.2669,293.5291
84000,-77.6167,0.7845,297.3680
85000,121.1602,10.5957,298.0748
86000,92.4037,8.9031,292.4550
87000,73.4477,8.0097,294.0770
88000,9.5995,5.2029,299.7265
89000,44.7231,6.9658,297.6691
90000,67.8298,7.6071,292.0028
91000,95.9113,9.2587,295.6458
92000,25.3374,5.7323,294.6019
93000,7.2859,4.9840,294.4458
94000,23.0465,5.1113,285.5592
95000,47.7882,6.3555,285.7738
96000,6.1957,4.3060,290.5978
97000,133.4349,10.3654,286.5670
98000,92.9648,8.9800,294.7089
99000,65.0250,7.4351,291.1817
100000,95.2608,8.7205,287.6130
101000,108.4842,9.4175,288.5893
102000,22.2675,5.4576,294.4733
103000,99.2334,9.1803,291.1291
104000,115.7867,9.7366,284.9297
105000,107.7315,9.4976,293.7715
106000,-48.7710,1.3761,283.6733
107000,22.0299,5.0798,286.8971
108000,104.2433,9.3165,290.3171
109000,30.7266,5.5404,282.0367
110000,-7.2195,3.6522,285.2615
111000,124.7425,10.0101,284.7573
112000,120.6193,10.0140,283.9270
113000,71.9219,7.3396,283.3302
114000,172.5276,12.2486,281.4522
115000,93.9786,8.0828,279.5744
116000,98.7938,8.4286,281.9501
117000,172.4123,12.0286,279.2263
118000,166.0926,11.9159,283.0332
119000,92.3947,8.7014,290.8595
120000,48.6597,6.3445,285.5910
121000,171.4312,12.4340,287.5608
122000,233.0334,15.3583,286.8735
123000,-0.7473,3.7592,285.2220
124000,170.1756,12.0532,286.9523
125000,155.1499,11.3723,282.6664
126000,253.7783,16.2662,286.5078
127000,73.7919,7.4086,284.8322
128000,86.9527,7.8492,281.8268
129000,129.3141,9.7348,279.3345
130000,200.2258,13.4135,283.2896
131000,242.6810,15.5524,286.4595
132000,180.7968,12.7099,286.1618
133000,52.1629,6.1534,282.2514
134000,190.2907,13.1949,287.1570
135000,251.7425,16.1650,285.6371
136000,151.1784,11.2065,283.1154
137000,204.9747,13.8203,286.3020
138000,127.9582,10.0218,282.6422
139000,204.6411,14.0955,290.5726
140000,283.2412,17.7525,289.2319
141000,226.9694,15.2683,291.3405
142000,255.0073,16.4793,285.2236
143000,264.3049,16.5415,282.0141
144000,195.7092,13.4725,285.9941
145000,275.2007,17.4242,287.6350
146000,247.7646,16.0802,289.8006
147000,185.1980,12.5511,280.6928
148000,290.7390,17.9622,285.9414
149000,136.3191,10.8118,289.4870
150000,225.8802,15.3145,291.7380
151000,265.0187,17.0267,287.2104
152000,87.8453,8.3658,293.9571
153000,328.6506,20.1784,290.9629
154000,247.5180,16.2451,293.9428
155000,273.7192,17.2075,290.1539
156000,301.0371,18.6607,286.3201
157000,365.4502,21.7866,291.8374
158000,314.3529,19.5554,292.5331
159000,284.5608,18.0036,293.7381
160000,312.1903,19.0185,285.0132
161000,298.0807,18.3914,285.4444
162000,185.1832,12.9374,288.2279
163000,370.6126,21.4176,281.2505
164000,296.2669,17.9974,281.1276
165000,226.3328,14.3548,277.7771
166000,371.4039,21.9307,288.1739
167000,327.8427,19.8874,287.0652
168000,285.6447,17.8159,285.6918
169000,360.3784,21.4547,291.3075
170000,392.9672,23.3119,288.7383
171000,373.2240,22.0815,285.3766
172000,213.6728,14.4202,289.7776
173000,374.9888,21.5783,280.5749
174000,242.2501,15.7538,289.2833
175000,491.8676,27.7386,288.2743
176000,344.0186,20.1753,278.1905
177000,441.3381,25.3084,282.0767
178000,416.8289,24.1253,287.6185
179000,450.4719,25.8753,289.8642
180000,404.2723,23.9361,294.6329
181000,410.7616,23.9557,290.7009
182000,408.6330,23.8286,287.0022
183000,535.9513,30.0428,294.6453
184000,480.2925,27.3205,283.7626
185000,566.5200,31.5979,293.5202
186000,369.0157,21.9426,291.0386
187000,391.0598,23.3161,295.8209
188000,266.4389,16.6466,286.8148
189000,495.6781,28.6330,300.6579
190000,319.6306,19.7400,296.6692
191000,557.3936,31.1537,293.6449
192000,398.8316,23.7085,298.9569
193000,517.2573,29.6367,298.2836
194000,541.3171,30.7144,297.3679
195000,483.7875,27.7573,291.1267
196000,401.0458,23.5148,292.1136
197000,494.9606,28.2017,292.8086
198000,507.8771,29.1967,298.9081
199000,433.9947,25.6712,300.4781
200000,724.8176,39.5446,297.8109
201000,666.0530,37.1719,303.3601
202000,38.4292,6.0546,292.5222
203000,333.1276,20.1267,292.6964
204000,554.4258,31.3902,295.4324
205000,489.8637,28.1321,295.9995
206000,717.6444,39.2522,295.1514
207000,599.5132,33.3178,293.1335
208000,609.7722,34.2701,298.7695
209000,454.8070,26.5083,297.8357
210000,254.5723,16.3723,292.3140
211000,731.0847,40.3095,304.6730
212000,602.0482,33.7639,298.1509
213000,612.6463,34.3098,298.6571
214000,728.1387,40.3949,312.7647
215000,669.2762,37.0010,302.0074
216000,676.6908,38.1505,314.6919
217000,684.1947,38.1006,307.6402
218000,504.5858,28.9676,299.4902
219000,683.1904,38.0844,311.5637
220000,724.5299,40.0734,304.4659
221000,567.2633,31.9702,302.6017
222000,724.1326,40.1140,313.2530
223000,681.7766,38.3215,313.1518
224000,570.8853,33.1268,317.4428
225000,679.2319,37.9413,309.7311
226000,669.5134,37.8901,315.4485
227000,336.8225,21.2070,306.7946
228000,631.6572,35.8919,316.5697
229000,512.9454,30.4279,318.9673
230000,857.2928,47.0372,319.4155
231000,745.7907,41.3307,312.3222
232000,486.3928,28.3702,306.3936
233000,-292.4693,-9.3167,307.7779
234000,637.5389,36.1034,312.6531
235000,705.7035,39.6922,318.6292
236000,405.7585,24.6326,310.2223
237000,749.7629,41.6919,316.6650
238000,792.8082,44.1219,324.5373
239000,831.3415,45.9489,319.9774
240000,810.0684,44.7331,318.6044
241000,544.2970,31.3850,310.7706
242000,815.7615,45.4953,326.2980
243000,855.7950,47.7724,333.1942
244000,881.6528,48.7603,325.3519
245000,849.3032,46.8876,323.5711
246000,734.6183,41.2199,320.7253
247000,859.2940,47.3835,319.2469
248000,887.5168,48.9244,325.7725
249000,838.2950,46.9023,329.5618
250000,868.5087,48.4524,332.2976
251000,854.6792,47.7333,333.0653
252000,875.6990,49.2395,341.3294
253000,513.9978,30.8421,325.3847
254000,880.3006,49.4292,338.6021
255000,642.2814,37.5250,337.1793
256000,912.3749,50.8579,338.3069
257000,895.4285,49.9125,338.2502
258000,917.9663,51.2729,342.9829
259000,1048.1944,57.0232,334.9151
260000,863.3913,48.5569,339.5494
261000,868.6929,48.1411,328.6498
262000,820.8074,46.4038,335.7533
263000,981.9587,54.1278,336.4003
264000,960.5663,53.6237,343.3945
265000,983.6635,54.5932,342.9523
266000,725.9749,41.8952,339.8946
267000,887.4847,49.9717,342.2244
268000,789.0515,44.7102,333.4388
269000,806.2122,46.3587,344.9679
270000,971.6398,54.2578,343.7715
271000,835.1467,46.5649,326.6308
272000,1046.6599,57.7445,342.9839
273000,928.4581,51.9238,342.7163
274000,1041.0205,57.5883,344.8131
275000,981.3669,54.5362,345.0645
276000,1010.4915,56.2691,350.2275
277000,965.7440,53.6341,342.9872
278000,1063.4783,58.7224,346.9429
279000,862.3204,48.6101,342.2579
280000,1050.3569,58.0218,347.5039
281000,862.1254,48.7103,344.2240
282000,953.9787,53.1338,341.8171
283000,1128.6017,61.4333,341.1716
284000,991.9504,55.0330,344.8852
285000,1064.8042,58.7967,344.7532
286000,1002.7101,55.3857,340.0637
287000,955.2325,53.0562,335.7723
288000,1055.2281,58.3142,345.3787
289000,1037.8767,57.1027,339.7461
290000,1054.9620,58.0882,342.4344
291000,980.8892,54.3532,337.4792
292000,990.0071,55.0063,345.8887
293000,1065.7285,58.7106,346.8483
294000,1112.0264,61.2320,346.4456
295000,1053.0876,58.0548,341.6854
296000,1110.5198,60.9234,346.6674
297000,711.5525,41.1907,339.0697
298000,1194.1189,64.9985,345.2508
299000,768.5946,43.8650,331.0159
300000,1164.5227,63.6920,347.2866
301000,1075.7150,58.7451,331.5435
302000,1026.7257,56.6312,339.8011
303000,1170.6228,63.6727,342.8490
304000,1123.4952,61.2123,337.6124
305000,1115.9536,61.0341,343.1965
306000,1106.3847,61.1408,349.2765
307000,1057.7570,58.5392,347.3404
308000,1145.4901,62.5542,345.3329
309000,1129.6215,62.3611,350.7262
310000,661.2189,39.4155,348.8046
311000,1052.2663,58.0856,343.0474
312000,1117.7179,61.6043,350.5429
313000,1082.1941,59.6597,350.3040
314000,1140.9372,62.4779,349.0565
315000,1023.5422,56.9129,345.8150
316000,1049.5459,57.3002,334.3647
317000,1040.6455,57.4105,342.2488
318000,1035.9896,57.8300,349.5312
319000,1062.0581,58.5232,344.6866
320000,1071.5112,59.3485,346.3587
321000,1166.7154,64.0711,352.1104
322000,1178.7186,65.0050,355.5440
323000,1110.3661,61.6846,354.4160
324000,1065.6821,59.1680,352.2853
325000,1001.0116,54.8557,329.1394
326000,1026.5673,57.4165,351.9011
327000,1012.8498,56.3281,344.9104
328000,1180.7136,64.8337,354.2288
329000,956.2334,54.1670,354.5437
330000,1232.0248,67.5460,356.2250
331000,1079.5623,59.5226,345.7091
332000,1015.7738,55.5401,329.8788
333000,865.6865,49.3295,350.3999
334000,1094.8297,60.7661,356.3141
335000,1166.4952,63.8269,347.4696
336000,1077.4867,60.0179,353.0733
337000,1114.6531,61.4044,348.9792
338000,929.2750,52.7777,352.5598
339000,1152.0586,63.3475,351.7683
340000,1007.4664,56.4423,352.5473
341000,966.1656,53.4839,334.3232
342000,949.7694,53.3308,345.7019
343000,1084.7479,60.1160,349.5472
344000,1134.0986,62.3126,348.6120
345000,1172.4156,64.4917,354.1261
346000,1086.6238,60.3443,352.5470
347000,1173.9439,65.0771,360.4403
348000,1129.5670,62.6440,357.5113
349000,1104.3823,61.0817,353.4026
350000,1144.8259,63.1282,355.8075
351000,997.8845,56.1588,355.5551
352000,1197.1779,65.8800,360.7418
353000,1211.3003,66.7002,360.2600
354000,794.1118,46.3527,356.6461
355000,1200.0144,66.2001,360.1687
356000,1104.7824,61.3166,353.1198
357000,1224.5183,67.4209,359.5348
358000,1188.9597,65.4236,356.2427
359000,1155.1198,64.2642,365.1061
360000,864.4688,49.7822,356.8581
361000,1133.7225,63.2587,364.8237
362000,1152.8174,64.1079,366.0755
363000,1137.8553,63.5831,365.4506
364000,1030.3858,57.6776,357.3817
365000,1086.0885,60.2295,351.3068
366000,1275.8623,70.0212,364.1584
367000,1001.6572,56.6271,359.2212
368000,1220.1022,67.1454,361.6831
369000,1140.9136,63.3198,357.6146
370000,965.0235,54.8301,360.3113
371000,1198.7460,66.3949,369.2171
372000,621.9354,38.2061,359.3166
373000,1159.0465,64.7237,367.1467
374000,1215.4288,67.2960,368.0644
375000,1393.4782,75.7213,364.2952
376000,1247.3896,68.3267,358.8502
377000,1186.7498,65.4869,360.1128
378000,1205.9033,66.5747,363.7435
379000,1246.8669,68.6101,365.3572
380000,1094.6363,61.3189,361.5463
381000,1150.5753,63.5668,357.1375
382000,1344.8676,73.1607,360.7709
383000,1217.5191,67.1857,363.6322
384000,1009.9951,56.9892,363.9298
385000,1219.0030,66.9734,359.8555
386000,1212.6495,67.0989,365.1334
387000,1125.4635,62.4310,356.9592
388000,1307.7154,71.4703,364.3894
389000,1227.5636,67.3296,360.2059
390000,1276.3713,69.4044,353.7061
391000,1232.0051,67.8172,363.3775
392000,1239.5699,68.0417,361.6171
393000,1276.0761,69.6841,358.8125
394000,1286.8650,70.4892,361.8651
395000,1321.6352,72.0740,361.3167
396000,1290.6325,70.5115,364.4419
397000,1262.4079,69.2430,363.3690
398000,1086.7250,60.6596,363.2655
399000,1276.4692,69.9105,361.3917
400000,1245.4672,68.3884,361.2226
401000,1292.4071,70.6319,363.6669
402000,1340.6236,72.9484,360.5164
403000,1029.4267,56.0081,327.1441
404000,1167.7547,64.6945,364.9132
405000,1272.7493,69.5343,358.1317
406000,1263.1405,69.2461,363.0011
407000,1335.2028,72.6520,358.8748
408000,1157.6654,64.0159,360.7487
409000,1207.4855,66.3985,362.6791
410000,1250.3518,68.6214,361.8241
411000,1258.5346,69.0398,361.9589
412000,1247.1804,68.5812,365.0511
413000,1127.6955,62.6853,364.4143
414000,1243.1667,68.2929,363.4635
415000,966.8198,54.4726,354.1688
416000,1173.5031,64.6221,360.5372
417000,1317.9006,71.8604,360.0980
418000,1213.1332,66.7315,361.9065
419000,1179.1622,65.1269,361.6780
420000,1245.1601,68.0290,359.1917
421000,1229.3770,67.5320,359.0868
422000,1218.8481,67.2421,364.9945
423000,1299.7086,70.7632,360.0583
424000,1206.0263,66.6092,365.6071
425000,1255.9794,68.9584,363.5515
426000,1291.5157,70.2172,356.3182
427000,1253.4821,68.7732,364.7679
428000,1209.6261,66.4997,359.3263
429000,1234.6021,67.8495,364.7146
430000,1382.5653,75.4208,370.0460
431000,1138.9453,63.3519,367.6543
432000,1050.9465,58.6372,357.7000
433000,1282.8505,69.8963,360.4528
434000,1237.2720,67.7440,357.0135
435000,1123.0441,62.4390,362.8230
436000,1295.8856,70.5871,359.6214
437000,1270.2143,69.3629,360.6189
438000,1294.2421,71.0497,366.4381
439000,1251.0105,68.9386,368.7851
440000,1261.5763,69.1326,364.6403
441000,1215.0754,66.6562,360.6698
442000,1186.3242,65.4110,362.1359
443000,1278.4112,70.0196,362.6061
444000,1363.5715,73.8253,359.6320
445000,1253.5954,69.1896,370.6983
446000,1119.4660,62.3798,365.6942
447000,1307.7931,71.3167,365.0620
448000,1386.7229,75.0262,362.9600
449000,1221.5748,65.8623,338.6370
450000,1132.1879,62.6167,359.9763
451000,1349.2104,73.4711,365.9353
452000,1230.1374,67.5348,364.2800
453000,967.4018,55.0317,364.1447
454000,1396.3057,75.3649,360.2005
455000,1320.4961,71.7504,360.8625
456000,1309.3574,71.4300,363.4880
457000,1316.6806,71.9677,366.8682
458000,1119.6587,62.1582,364.7165
459000,1429.3813,77.2451,367.9377
460000,1100.2040,60.3698,344.9287
461000,1249.6736,68.6674,366.5165
462000,1012.9987,56.9472,361.4414
463000,1171.4888,64.7961,364.9479
464000,1314.3507,71.5106,360.9479
465000,1261.5033,69.3257,366.0606
466000,1268.6538,69.4095,363.7114
467000,1254.3321,68.6603,365.4895
468000,1294.1096,70.6648,363.1264
469000,1310.4698,71.8085,370.8111
470000,1280.0830,70.3455,366.6294
471000,1228.5976,67.5082,361.8793
472000,1304.9150,71.4793,369.4425
473000,1339.6974,73.2881,370.7090
474000,1233.9506,68.0445,366.7051
475000,1240.5161,68.4443,366.4958
476000,993.0262,56.4451,369.1754
477000,1303.2344,71.4555,368.0222
478000,1293.3518,70.8431,364.5517
479000,978.9173,55.2938,360.7322
480000,1390.9321,75.4164,364.6008
481000,1193.9821,65.8962,364.6186
482000,1299.9278,71.0051,365.8035
483000,1324.9087,72.4978,366.2606
484000,1319.8244,72.3408,367.3463
485000,1311.6716,71.6184,363.0469
486000,1372.7411,74.7046,365.9016
487000,1270.8602,69.7908,365.9696
488000,1302.9629,71.5490,371.4469
489000,1259.9839,69.6111,373.8237
490000,1316.2236,72.5333,374.7940
491000,1330.1828,72.8093,369.4068
492000,1411.3465,76.7132,368.5819
493000,1370.2887,74.9450,370.9366
494000,1387.4454,75.8361,373.2893
495000,793.2085,46.0865,353.0348
496000,1298.8166,71.4012,370.6333
497000,1355.9317,73.9058,367.7939
498000,1347.6623,73.6456,369.9149
499000,1207.5946,66.8368,367.0196
500000,1333.7740,72.8943,365.1794
501000,1282.6665,70.3321,369.4550
502000,1189.9816,66.3438,371.8267
503000,1272.0151,70.2087,370.5472
504000,1301.8634,71.5160,369.6217
505000,1310.3114,72.0556,374.3687
506000,1230.7459,67.9948,367.5466
507000,1347.6751,73.8891,371.5016
508000,1430.1279,77.5047,368.7140
509000,1294.1257,71.2693,373.1413
510000,1292.1315,70.9860,366.9349
511000,1375.2754,74.7613,368.0728
512000,1226.4239,67.7266,367.7779
513000,1349.7725,73.7482,370.1295
514000,1234.5196,68.4231,371.4168
515000,1259.2302,69.3971,368.7850
516000,1338.3973,72.8850,365.9277
517000,1325.8142,72.7440,374.7951
518000,1288.3741,70.7083,369.2950
519000,1406.7517,76.5136,367.2913
520000,1330.5360,72.7379,368.0982
521000,1387.4549,75.5457,368.7627
522000,1370.4488,74.8070,369.4426
523000,1228.8353,67.7258,368.7974
524000,1373.5690,74.8941,368.2460
525000,916.0727,52.1867,355.7273
526000,1359.3796,74.3006,371.9026
527000,1341.0031,73.5842,370.8770
528000,1231.7030,67.9888,371.5641
529000,1314.6016,71.7902,369.6437
530000,1211.6864,67.0978,369.1101
531000,1151.3273,64.0494,367.9460
532000,1335.9304,73.2283,373.6487
533000,1285.6042,70.5731,371.9290
534000,1303.9648,71.5829,371.0197
535000,1337.8864,73.2636,372.4142
536000,1265.2546,70.0238,375.1515
537000,1308.4247,71.5914,368.3807
538000,1340.0764,73.1575,369.2833
539000,1257.4188,69.0957,366.5944
540000,1142.1513,63.5486,368.6667
541000,1078.0083,60.6512,370.4255
542000,1230.7094,67.7711,364.8284
543000,1261.8368,69.4358,368.6961
544000,1367.6192,74.3459,368.4113
545000,1336.7823,73.1248,368.1456
546000,1236.8443,68.1630,366.0566
547000,1324.2742,72.1097,366.3215
548000,1319.0928,72.0242,365.7792
549000,1088.9905,60.9945,366.3855
550000,1067.3512,59.9034,364.9446
551000,1346.2079,73.4207,370.3604
552000,1313.0273,71.7145,367.0394
553000,1323.0184,72.3151,368.3262
554000,1282.9070,70.2405,363.5557
555000,1340.3607,72.8415,362.8237
556000,1291.3098,70.2932,360.9569
557000,1235.8740,67.9500,364.2266
558000,1061.1903,59.2123,360.3492
559000,1074.8320,60.3195,368.3254
560000,1397.6283,75.9591,366.4658
561000,1426.4953,77.2721,368.5918
562000,1392.2566,75.7356,369.4663
563000,1335.9682,73.1341,369.2231
564000,1238.9644,68.2371,366.8389
565000,1255.7556,69.0583,366.7902
566000,1157.7393,63.7830,360.1788
567000,1320.3572,72.4366,369.7801
568000,1344.2269,73.4023,372.6107
569000,1385.6211,75.4397,370.4413
570000,1297.2226,71.3207,370.3467
571000,1231.5465,67.9984,369.8345
572000,1390.3978,75.8678,371.6024
573000,1177.1024,64.8829,360.8117
574000,1430.8815,77.3546,367.2278
575000,1311.0211,71.5023,362.7249
576000,1353.1178,73.7027,367.2117
577000,1261.2010,69.1524,366.5058
578000,1318.1550,71.8170,361.5158
579000,1213.5462,66.7744,359.2704
580000,1248.1515,68.4804,363.0057
581000,1299.9208,70.8354,363.6013
582000,1307.3691,71.3731,361.5388
583000,1270.2428,69.4841,362.0189
584000,1221.1570,67.0822,361.5852
585000,1384.1700,74.7773,358.5584
586000,1186.8336,65.5169,361.9018
587000,1241.2583,67.8894,357.9226
588000,1308.4753,71.1440,360.4039
589000,1331.5801,72.0483,357.9277
590000,862.7344,49.2432,353.0944
591000,1278.8236,69.6537,358.6505
592000,1372.1908,74.1399,356.2165
593000,1223.8462,66.8901,359.9785
594000,1352.3187,73.2141,357.1870
595000,1335.7463,72.5776,359.4085
596000,1414.4012,75.9899,354.1231
597000,1452.2226,77.6521,354.6259
598000,1225.6249,66.8761,353.3725
599000,1173.7451,64.4438,355.9320
600000,1324.6974,71.5655,354.7895
601000,1373.2377,73.9040,355.5196
602000,1376.7862,74.2689,357.6511
603000,1275.2257,69.4621,357.5744
604000,1366.0879,73.6662,355.7011
605000,1305.0572,70.6242,355.7163
606000,1371.4631,73.5992,352.5797
607000,1311.7258,70.7930,351.6521
608000,1341.1538,72.2552,354.5235
609000,1267.7406,69.0964,358.0583
610000,1460.2927,78.0836,355.0115
611000,1385.7223,74.5381,357.4282
612000,1382.6584,74.3778,355.4175
613000,1431.7453,76.6110,352.4394
614000,1362.2788,73.4078,357.2642
615000,1395.1335,75.1986,358.7234
616000,1311.3394,70.7926,353.8312
617000,1342.3329,72.2262,351.9799
618000,1294.0462,69.8781,349.0677
619000,1367.4107,73.5841,351.7520
620000,1314.1189,71.0870,353.0404
621000,1441.5335,77.0317,349.9499
622000,1455.6142,77.7400,348.8829
623000,1097.2571,60.2771,347.2888
624000,1355.2827,72.9165,351.9822
625000,1349.8931,72.5918,346.9408
626000,1327.6930,71.8822,354.7603
627000,1346.0639,72.7730,352.8108
628000,1397.9323,75.0106,351.2344
629000,1388.8927,74.3397,349.1347
630000,1377.5449,74.2428,356.2180
631000,1232.9718,67.3753,353.8176
632000,1347.6243,72.8845,356.0586
633000,1339.8342,72.1206,348.1627
634000,986.9808,55.3887,354.9322
635000,1431.8113,76.6265,352.1843
636000,1380.2760,74.0518,350.9119
637000,1552.8430,82.4613,352.2607
638000,1440.0635,76.8846,348.1842
639000,1128.5356,61.9152,350.9810
640000,1433.6712,76.4840,347.3862
641000,1476.1350,78.8474,351.7684
642000,1221.2219,66.3653,348.9363
643000,1381.3710,74.2456,352.4622
644000,1375.1380,73.6725,346.8020
645000,1453.4479,77.4079,346.5612
646000,1339.6976,72.0457,349.4581
647000,1473.6138,78.3488,347.5297
648000,1091.6347,60.1127,348.2349
649000,1451.9815,77.4259,348.3877
650000,1453.9023,77.4736,347.8315
651000,1248.7974,67.8586,350.3559
652000,1436.6450,76.6862,350.7441
653000,1425.3164,76.1420,350.2460
654000,1189.4049,64.7257,346.8365
655000,1458.9696,77.6599,346.6829
656000,1363.0993,73.2200,348.5990
657000,1342.0752,72.4600,353.4266
658000,1367.8316,73.6673,353.3860
659000,1490.4514,79.4293,352.5050
660000,1311.7913,70.8405,353.4976
661000,1457.7222,78.0150,353.8757
662000,1231.1419,67.0792,352.4325
663000,1352.8308,72.6896,350.5567
664000,1294.9330,70.1018,352.5356
665000,1452.2145,77.5279,352.3426
666000,1442.0596,77.0041,352.0758
667000,1316.1472,70.7766,347.7905
668000,1239.0034,66.8934,348.2157
669000,1434.8756,76.6583,350.9387
670000,1261.9984,68.2699,348.4298
671000,1459.9403,77.7511,350.6683
672000,1356.8868,72.5764,344.6521
673000,1373.8504,73.5820,348.8956
674000,1390.7746,74.2779,348.4020
675000,1241.1985,66.9761,346.6091
676000,1404.5041,74.9278,346.2543
677000,649.7185,38.4671,347.4074
678000,1211.4609,65.6389,347.6622
679000,1370.4849,73.6875,350.5776
680000,1283.3113,68.8870,345.1457
681000,1471.1691,78.2014,349.8089
682000,1477.7720,78.3935,348.8849
683000,1376.3628,73.6736,348.7903
684000,1431.0955,76.7097,355.5115
685000,1316.2862,70.8250,351.4835
686000,1360.2479,73.1543,354.0792
687000,1299.6946,70.4462,358.3233
688000,1408.7595,75.2085,349.8739
689000,1443.4900,77.1056,352.2407
690000,1399.0186,74.6636,348.0422
691000,1326.4765,71.5829,353.2945
692000,1429.7114,76.4022,353.1414
693000,1271.3860,69.2221,358.5531
694000,1488.1862,79.1502,351.7417
695000,1485.7338,79.0839,351.6817
696000,1273.6560,68.7754,350.4258
697000,1078.9448,59.4477,352.3260
698000,1512.6529,80.1995,348.9908
699000,1422.6692,75.7989,350.6604
700000,1408.8539,75.1724,348.4260
701000,1371.5358,73.3209,348.0098
702000,1408.0388,75.3235,351.8014
703000,1367.9893,73.2320,348.2802
704000,1391.6905,74.5796,353.4008
705000,1329.3887,71.6894,354.8767
706000,1255.7168,68.0170,354.3227
707000,683.3099,40.2478,352.9378
708000,1305.3078,70.4197,349.1991
709000,1450.7207,76.9634,345.6835
710000,1302.3638,70.2963,350.7928
711000,778.2249,45.5197,356.8639
712000,1475.6605,78.2131,346.8790
713000,1554.7578,82.2106,346.4389
714000,1421.3141,75.6903,343.5595
715000,1279.2614,68.8595,344.4441
716000,1347.7368,72.3992,351.3831
717000,1346.1666,72.2603,347.6598
718000,1370.8065,73.2228,343.2695
719000,1276.2325,68.6577,344.7196
720000,1296.0093,69.8207,348.1372
721000,1472.5469,78.4715,349.8105
722000,1450.3697,77.2880,351.2704
723000,1360.7708,73.0912,353.0753
724000,1374.1177,73.5081,348.3721
725000,1461.0737,77.9257,352.5177
726000,1383.5262,74.4520,356.9160
727000,1472.0723,78.3957,351.8388
728000,1509.5380,80.4506,356.1555
729000,1439.5015,76.8621,351.6700
730000,1412.2807,75.6905,352.6424
731000,1411.8722,75.5953,351.1611
732000,1111.6752,62.3252,369.7856
733000,1464.5866,78.0734,351.2375
734000,1379.6777,74.6037,360.4092
735000,1426.4933,76.6745,360.7152
736000,1362.1513,73.2427,352.1023
737000,1417.0314,75.9444,354.8670
738000,1446.4254,77.1917,354.3377
739000,1145.5384,63.2006,358.8552
740000,1483.4531,78.9232,351.4407
741000,1449.3862,77.5538,357.1945
742000,1394.6843,75.0249,355.7995
743000,1342.0041,72.5412,357.5968
744000,1378.3447,73.9869,353.9074
745000,1400.6761,75.0552,355.3494
746000,1492.0655,79.3428,351.0645
747000,1468.3874,78.1458,352.7725
748000,1361.2970,73.2660,355.3285
749000,1443.6007,77.1766,354.0401
750000,1369.6863,74.2358,362.8597
751000,1243.6814,67.7456,358.1073
752000,1479.1617,79.0398,357.6232
753000,1407.4499,75.7044,357.4178
754000,1405.1293,75.4878,353.8673
755000,1429.2438,76.5303,356.0409
756000,1383.9379,74.5520,357.2178
757000,1519.0461,81.5320,366.9098
758000,1347.7571,72.8561,358.7423
759000,1285.5907,69.7735,360.4303
760000,1396.7812,75.0644,356.7529
761000,1391.1739,74.9528,361.0472
762000,1386.9014,74.7177,361.0898
763000,1393.7372,75.2777,362.1983
764000,1476.4142,79.0840,361.0438
765000,1413.2367,76.3234,364.0864
766000,1402.7177,75.6573,360.7154
767000,875.8849,50.4165,365.4924
768000,1332.6439,72.1893,357.3675
769000,1474.9165,78.8640,357.5764
770000,1217.6263,67.4759,372.0632
771000,1176.7652,64.7879,361.0790
772000,1449.3395,77.6527,358.4144
773000,1311.6425,70.8779,355.9704
774000,1570.5521,83.6791,362.0959
775000,1458.2366,78.5145,366.9868
776000,1163.4734,64.3015,362.1251
777000,1311.7758,71.2640,359.7805
778000,1375.1900,74.2132,359.0614
779000,1295.9280,70.6043,361.7694
780000,1199.9933,66.2983,366.1660
781000,1433.1747,77.1903,363.1490
782000,1407.4210,76.2625,367.4449
783000,1311.2133,71.0869,357.5121
784000,1353.9119,72.9393,354.4930
785000,1428.4330,76.6512,356.1228
786000,1300.0408,70.6661,359.2370
787000,1328.3698,71.9384,358.9880
788000,1407.8514,75.2173,348.5393
789000,1415.0200,75.9701,356.2199
790000,1519.9416,80.6680,351.8127
791000,1258.1744,68.5628,354.2929
792000,1460.5209,78.2019,357.4972
793000,1190.1597,65.0865,355.5456
794000,741.9331,43.5566,357.9604
795000,1360.1867,73.5534,358.6273
796000,1082.8609,60.4030,359.8360
797000,1351.1014,72.8134,354.8431
798000,1285.1228,69.8930,359.0891
799000,1326.6211,71.8311,360.0060
800000,1400.6119,75.0125,352.2027
801000,1409.8117,75.5085,353.7723
802000,1450.6527,77.5665,354.5674
803000,1348.9799,72.9072,356.9853
804000,1505.3782,80.1377,353.2783
805000,1431.0803,76.5196,351.6256
806000,1334.9035,72.1966,358.8947
807000,1149.4981,63.2058,356.4965
808000,1400.4544,75.1361,355.7110
809000,1345.3823,72.5692,356.6422
810000,1449.3877,77.8681,359.0754
811000,1511.3641,80.6336,356.8464
812000,1421.4189,76.4268,358.6186
813000,1280.5490,69.6899,358.8642
814000,1462.6934,78.1249,356.1361
815000,1536.1844,81.6619,356.0443
816000,1541.9212,82.3837,359.4389
817000,1292.0748,69.9334,354.8009
818000,1454.1591,78.1921,359.8757
819000,1427.9480,76.4111,355.1725
820000,1474.7533,78.6353,354.9687
821000,1434.2787,77.0725,357.4342
822000,1141.0462,62.7852,359.1992
823000,1356.1000,73.1338,356.1025
824000,1420.6873,76.2158,356.1215
825000,1331.8510,72.0724,356.9854
826000,1443.6090,77.2698,353.4740
827000,1489.0812,79.5111,355.7762
828000,1390.2447,74.5840,353.3500
829000,1502.0358,80.1450,355.2346
830000,1395.1093,75.0195,355.4707
831000,1089.7884,59.9948,348.5996
832000,1479.0836,78.6722,348.7322
833000,1412.5565,75.8094,354.2126
834000,1410.4527,75.6822,354.5101
835000,1458.4683,77.8327,351.2473
836000,1421.6454,76.0856,349.6579
837000,1406.1896,75.2505,348.3509
838000,1393.7308,74.7436,350.7181
839000,1461.9024,78.0955,349.0430
840000,1394.2410,74.7100,347.5473
841000,1304.2603,70.3851,350.9061
842000,1364.0711,73.2123,351.4684
843000,1576.1047,83.4442,350.2722
844000,1345.7088,72.5948,353.0940
845000,1505.1187,80.2034,354.5395
846000,1097.1926,60.3730,349.3513
847000,1442.4477,77.0399,349.2006
848000,1444.8026,77.2212,348.4509
849000,1446.0384,77.2758,353.0990
850000,983.2271,55.1888,356.0198
851000,1467.7868,78.5441,355.8233
852000,1352.4913,72.0862,338.5968
853000,951.3732,52.8261,341.4829
854000,1351.6682,72.7884,355.4910
855000,1355.8960,72.8306,350.7960
856000,1490.3151,79.7142,356.8626
857000,1312.2508,70.3506,342.1571
858000,1414.6759,76.2984,361.5064
859000,662.6148,39.6255,358.5343
860000,1544.7382,82.2436,355.0091
861000,1439.0335,77.0220,355.3702
862000,1499.3199,80.1407,358.3523
863000,1351.4220,72.7434,350.5097
864000,1452.4743,77.6600,352.3155
865000,1438.6858,76.9523,353.3505
866000,1280.6741,69.2670,350.8553
867000,1277.6684,69.0756,351.1339
868000,1343.6501,72.2119,348.7892
869000,1297.2136,69.8297,346.9491
870000,1315.1635,71.0774,352.0938
871000,1549.7590,81.7932,345.5001
872000,1407.5816,75.1576,348.0822
873000,1581.5281,83.5193,348.6797
874000,1561.8692,82.9794,354.0600
875000,968.1437,54.1807,353.6192
876000,1481.7320,78.7850,348.6720
877000,1368.1823,73.4096,351.3092
878000,1492.6937,79.3500,349.2956
879000,1319.5094,71.5622,357.2897
880000,1486.0166,79.0786,351.9279
881000,1428.0768,76.3958,350.8306
882000,1247.8629,67.5090,348.2209
883000,1490.3502,79.4334,352.1591
884000,1263.8433,68.2122,346.4090
885000,1556.7504,82.4775,349.2295
886000,1329.8261,71.5813,349.7189
887000,1345.8392,72.4975,354.8113
888000,1498.1519,79.4448,346.7289
889000,1400.9333,74.7609,347.2944
890000,1366.0016,73.1730,344.9503
891000,1542.5603,81.3053,343.8110
892000,1351.9802,72.4630,346.8278
893000,1313.6597,70.4952,347.4381
894000,1478.7977,78.4194,346.0654
895000,1331.9645,71.1499,345.4105
896000,1388.1584,73.9878,346.8842
897000,1339.9695,71.9571,351.4219
898000,1342.2370,72.1077,350.4408
899000,1482.5085,79.0039,352.5184
900000,1382.6278,73.7876,345.3775
901000,1623.8040,85.2348,343.6535
902000,1440.3510,76.2506,341.1515
903000,1472.1186,77.7112,343.4837
904000,1473.3236,77.8621,340.2159
905000,1387.9911,73.6686,340.9911
906000,1424.1444,75.4676,339.6101
907000,1495.9384,78.7705,338.4928
908000,1475.4413,77.9447,340.2521
909000,1193.7558,64.8477,344.7695
910000,1425.5854,75.7366,343.8762
911000,1213.4312,65.6729,347.8553
912000,1522.6174,80.4607,344.7124
913000,1451.3047,77.0190,344.0160
914000,968.2043,53.3936,341.9702
915000,1399.8664,74.2980,340.2483
916000,1467.8557,77.7049,343.4984
917000,1458.3698,77.3498,343.5252
918000,744.8769,42.7299,339.4550
919000,1515.0630,79.7987,342.3278
920000,1174.1842,63.4197,341.7339
921000,1107.8648,60.7287,348.7964
922000,1500.4290,79.7040,350.6571
923000,1486.9502,79.1037,350.5396
924000,1472.7521,78.4028,352.0209
925000,1552.7757,82.1717,348.9206
926000,1295.0480,69.6943,348.7785
927000,1485.8888,78.9700,350.1837
928000,1267.3568,68.3602,350.2302
929000,1595.7236,83.8626,345.9937
930000,1459.9798,77.6489,347.2769
931000,1513.5064,79.9423,342.3635
932000,1468.1529,77.9719,346.1760
933000,1138.8681,61.9683,345.6751
934000,1358.3403,72.5665,345.3317
935000,1455.0041,77.0554,342.2775
936000,1473.1733,77.9418,344.0839
937000,1476.6798,78.1186,340.2158
938000,1471.8139,77.9739,345.0523
939000,1456.1547,77.1167,344.0241
940000,1524.0977,80.4492,343.5337
941000,1282.7766,68.7306,343.6600
942000,1496.6551,79.3624,346.1701
943000,1481.6159,78.6293,345.4050
944000,1069.9998,58.8292,343.9877
945000,1372.2601,72.8212,339.3956
946000,1472.6017,77.8565,340.9443
947000,1519.1912,80.1569,343.3719
948000,1400.6234,74.3517,341.1257
949000,1376.1364,73.2884,345.5606
950000,1489.8058,78.7087,340.7489
951000,1181.4027,63.9061,344.6592
952000,1397.6274,74.3292,342.5896
953000,1244.9680,67.0497,344.2884
954000,1425.3713,75.7850,342.3350
955000,1611.6751,84.4379,342.3221
956000,1406.7187,74.7281,346.2871
957000,1018.9759,56.1579,344.3908
958000,1500.8811,79.3180,340.8997
959000,1537.9258,81.1613,343.2794
960000,1426.5275,75.7690,340.7194
961000,1405.3425,74.6842,342.3238
962000,1398.9180,74.4737,340.4894
963000,1403.1065,74.7054,341.7607
964000,1441.2126,76.5492,342.4765
965000,1550.3553,81.6295,340.2698
966000,1413.8636,75.0237,340.9352
967000,1470.6265,77.8969,341.8986
968000,1389.0396,73.9819,341.2669
969000,1245.8153,67.1972,345.9443
970000,1475.8840,78.3051,342.6360
971000,1249.3042,67.3659,345.0232
972000,1280.2418,68.6572,342.0408
973000,1408.2786,74.8727,342.1870
974000,1551.1819,81.7974,342.7537
975000,1425.7375,75.9832,345.9528
976000,1215.5425,66.0219,347.8180
977000,1502.4583,79.3011,340.2565
978000,1425.1958,75.9174,344.5611
979000,1527.6749,80.4612,339.7290
980000,1464.5845,77.8267,345.7530
981000,1339.7355,71.5306,343.2432
982000,1473.7417,77.9245,342.3401
983000,1121.2271,61.5493,351.8222
984000,1504.7901,79.4956,343.0208
985000,1477.2597,78.2920,341.3578
986000,1574.2312,82.8636,340.3492
987000,1255.8975,67.1405,333.4541
988000,1533.6333,80.9888,341.6679
989000,1396.5683,74.3301,343.5810
990000,1478.0440,78.1619,339.2244
991000,1443.2410,76.4388,337.5457
992000,1290.0437,69.1238,340.8916
993000,1411.3657,75.2071,343.1155
994000,1576.5217,82.7651,339.6033
995000,1582.2787,82.7226,333.1606
996000,1442.0031,76.3192,338.7551
997000,1647.6684,86.1307,337.4508
998000,1400.2629,74.2544,336.0144
999000,1180.7284,63.8237,340.9293
1000000,1391.6000,73.8183,338.7194
1001000,1276.2696,68.3697,338.0030
