timestep,reward,distance,control_cost
1000,517.5886,-1.5282,305.8662
2000,-233.1845,-5.4347,315.5138
3000,-143.9209,1.9629,313.5552
4000,279.5734,-6.8332,312.8556
5000,603.9204,-0.4922,310.6290
6000,516.3417,0.5666,311.8024
7000,441.2256,4.4813,311.3628
8000,499.3032,-2.4241,310.0259
9000,273.1364,-1.6358,305.7394
10000,321.8686,-2.7362,304.1247
11000,-51.8057,-2.6451,310.5392
12000,-228.8904,4.2236,313.6987
13000,578.2090,-0.6228,310.2011
14000,83.1833,-6.7550,309.6126
15000,73.8964,1.3500,308.6378
16000,507.8956,3.5098,311.4544
17000,-289.4714,1.2006,315.4640
18000,545.4495,-0.6032,311.2527
19000,-28.5284,-5.0744,310.9854
20000,406.4413,2.4930,307.2793
21000,93.6154,-7.8201,312.3507
22000,553.0142,-1.1439,308.6879
23000,526.0853,-0.2704,306.7188
24000,596.1289,-0.9385,309.9335
25000,111.2792,-1.6786,312.2699
26000,158.3784,6.2919,310.4617
27000,558.7865,-2.4599,303.0327
28000,526.0068,0.4572,306.5088
29000,265.3277,3.4870,310.5290
30000,339.4578,-2.1786,308.9362
31000,529.2960,-1.3149,309.3832
32000,416.6587,-0.7184,305.5806
33000,10.0950,2.3395,305.9796
34000,527.6992,1.8075,308.8243
35000,603.4438,-1.1658,305.2475
36000,669.9801,1.8485,308.9585
37000,495.5188,-0.4407,305.3913
38000,577.6696,0.0285,305.7293
39000,562.5229,1.8680,310.6084
40000,344.0825,-1.2050,304.4564
41000,649.0999,1.0693,309.0643
42000,658.3108,1.1316,310.4195
43000,682.8941,3.1330,304.5416
44000,457.1618,2.5026,300.8718
45000,544.1052,-0.9242,306.5687
46000,606.0629,4.8304,305.9574
47000,688.8000,2.1980,302.0968
48000,418.9803,1.1502,303.9876
49000,645.3908,1.0031,297.9840
50000,506.3139,0.4474,302.0637
51000,696.5365,3.5489,306.4955
52000,649.9377,1.5941,299.6925
53000,635.1936,1.2557,304.4814
54000,739.4667,5.1848,303.9023
55000,678.2819,1.4121,295.2437
56000,633.1630,3.2048,304.9485
57000,722.9500,4.3679,299.0939
58000,666.2464,2.1238,301.1625
59000,534.2411,0.4131,300.3928
60000,668.1673,1.0815,309.5211
61000,389.1238,2.4109,306.4579
62000,698.2487,2.8258,304.6716
63000,153.3312,-3.0830,313.0716
64000,679.1803,7.0735,303.3364
65000,579.5000,3.0972,304.6227
66000,695.0061,9.0412,302.6998
67000,731.3825,5.2191,307.5569
68000,560.2961,2.4836,303.6148
69000,633.0991,3.9789,306.8214
70000,765.9517,4.9741,298.6554
71000,417.7278,4.3156,309.8336
72000,570.2337,3.3513,303.0094
73000,574.3637,4.9281,305.3945
74000,404.0112,2.9689,296.7833
75000,680.8671,3.4618,310.2155
76000,699.5727,5.6333,304.8304
77000,760.9483,6.0290,314.3491
78000,666.9272,3.4530,311.1315
79000,734.8193,4.4383,309.0246
80000,818.0748,8.4585,304.7666
81000,539.0738,4.9568,305.6754
82000,514.4848,1.9578,303.0729
83000,729.5471,6.0075,303.9595
84000,610.8336,3.7122,305.5226
85000,711.4096,5.6854,302.4325
86000,745.9252,5.9976,309.6869
87000,725.5073,4.2650,301.0355
88000,717.6494,4.2303,306.5213
89000,763.5291,7.2959,301.9009
90000,642.0441,2.7942,300.1716
91000,752.3006,8.0899,299.8249
92000,835.7664,10.4159,307.4771
93000,833.0808,9.3818,300.0075
94000,753.0561,5.8299,296.4960
95000,788.9062,8.6769,297.2125
96000,602.0484,4.8509,303.8337
97000,399.7737,3.7857,303.9194
98000,707.5407,6.3175,304.5018
99000,838.4122,11.9431,298.0886
100000,814.9804,9.3331,305.1474
101000,863.4737,11.1651,300.0870
102000,906.7191,14.1107,313.2229
103000,892.7801,11.6733,303.2966
104000,849.0903,9.5521,303.9149
105000,813.9441,9.3912,304.4892
106000,902.2343,14.7420,305.6091
107000,780.1922,9.1681,302.3960
108000,860.6830,11.3784,302.7938
109000,723.3097,9.9039,301.9260
110000,815.4921,10.2518,306.4779
111000,734.3401,9.1534,295.2500
112000,891.3994,12.3358,300.8080
113000,933.0323,13.9997,301.2356
114000,931.7910,16.0237,308.3861
115000,866.3954,12.8899,305.2261
116000,1034.8845,20.3615,308.9405
117000,979.2063,17.3935,307.5335
118000,928.4016,16.2130,313.9921
119000,937.8655,14.8445,303.7347
120000,947.1558,15.6007,310.7354
121000,906.6065,14.4075,309.8265
122000,855.0371,13.2814,307.1413
123000,852.2886,12.3475,310.2379
124000,978.5478,17.3465,298.7130
125000,1066.8918,22.4577,304.3829
126000,937.2680,16.9420,299.9057
127000,966.1999,16.8684,308.4779
128000,1023.6864,21.2536,309.6642
129000,996.1332,18.2021,307.1688
130000,1055.5547,20.1761,304.2114
131000,1048.5189,21.4377,312.6378
132000,1030.1477,22.2888,307.5320
133000,1003.1485,19.1900,313.6168
134000,1034.0547,21.8777,312.9294
135000,1173.4266,26.5565,309.7265
136000,1127.0947,24.2537,313.3192
137000,910.2513,15.6053,309.8584
138000,941.7512,18.1981,308.4123
139000,1108.7789,24.2109,312.8313
140000,1128.0947,24.4578,309.9243
141000,1114.4748,24.9046,313.1581
142000,1174.5770,28.6171,314.5361
143000,1237.4577,31.4606,311.1374
144000,1068.0706,22.5080,312.7103
145000,1073.0724,22.1848,310.1796
146000,1029.1581,24.2679,310.3182
147000,1148.3521,26.8115,311.8832
148000,1231.1987,29.3242,312.0658
149000,1180.9996,28.1031,313.6262
150000,1147.1803,26.3763,311.9978
151000,1201.1936,27.7481,311.5451
152000,1185.9913,27.1647,315.8568
153000,1079.0044,22.9104,310.6802
154000,1188.6150,29.4025,312.9166
155000,1149.0579,26.2462,314.9567
156000,1128.8205,25.5308,309.5441
157000,1168.6737,27.1748,312.9662
158000,1146.5930,27.1482,313.1682
159000,1190.0244,27.8827,315.6961
160000,1244.1914,31.6796,313.6469
161000,1223.0444,30.2502,312.7051
162000,1222.5939,30.6927,312.0552
163000,1200.4480,29.3659,311.6040
164000,1176.7898,27.8671,311.6724
165000,1296.9007,32.4139,311.4137
166000,1300.7840,34.1815,316.3379
167000,1188.9044,30.0184,311.6757
168000,1278.8295,33.5918,315.6366
169000,1254.7898,33.5626,311.1598
170000,1196.9421,31.0151,309.7563
171000,1280.2013,33.0546,314.7706
172000,1308.4377,34.0599,311.0859
173000,1281.1833,33.1729,314.4433
174000,1320.8788,34.1366,310.8263
175000,1360.4074,36.2217,309.2793
176000,1180.2033,31.0245,314.4351
177000,1283.3936,33.8619,310.7291
178000,1206.2377,29.6522,314.4042
179000,1425.6414,39.8514,311.5741
180000,1389.4676,37.2277,309.9273
181000,1262.1633,31.6489,315.2801
182000,1306.9012,34.5069,308.6364
183000,1315.1569,34.4798,310.8562
184000,1341.1167,35.4196,314.3677
185000,1249.8955,31.1216,314.1997
186000,1452.8670,41.4673,310.8260
187000,1375.8037,36.5723,311.7739
188000,1358.0683,35.7385,311.3435
189000,1367.6155,37.5602,308.7936
190000,1353.7590,36.6923,308.1670
191000,1410.7470,38.5656,308.5358
192000,1139.8616,30.5106,306.3922
193000,1493.9720,42.7195,312.0204
194000,1280.8238,32.7481,306.0812
195000,1387.2576,37.8556,307.7216
196000,1383.8677,37.0766,303.1612
197000,1356.0965,36.2336,301.3891
198000,1324.9879,34.8555,308.0730
199000,985.8350,24.3196,312.8973
200000,1375.2618,38.0764,310.2467
201000,1439.3513,40.1754,306.1162
202000,1459.1728,40.3669,307.7576
203000,1424.8660,39.0555,308.7312
204000,1442.8877,39.7657,305.4103
205000,1214.9630,27.9955,301.7119
206000,1434.6686,40.0349,309.2825
207000,1480.5579,41.2835,301.8906
208000,1446.2751,40.3368,304.3169
209000,1460.3682,40.4262,308.2384
210000,1437.3807,39.5062,305.5894
211000,1395.9110,39.0588,302.2500
212000,1389.1294,38.6763,303.8911
213000,1476.2038,42.1361,309.9004
214000,1480.7195,42.4388,316.3012
215000,1481.3420,42.2046,312.0095
216000,1588.9233,47.4174,314.0666
217000,1453.3750,41.7996,308.0405
218000,1543.0466,45.0721,314.1935
219000,1488.5894,42.9104,310.4391
220000,1462.0720,41.8718,310.4018
221000,1479.5343,42.5686,305.1938
222000,1466.3752,42.1804,312.4717
223000,1587.0868,47.8231,309.4331
224000,1539.0600,44.9379,306.7560
225000,1542.0604,45.8208,311.7101
226000,1443.5739,41.1625,308.5191
227000,1366.4078,36.4890,311.0487
228000,1477.4203,42.2889,307.9496
229000,1587.7765,47.4462,307.0484
230000,1506.8431,43.1663,307.2908
231000,1490.9128,44.1522,311.9216
232000,1511.3959,44.7652,311.8766
233000,1585.4848,47.3804,315.5445
234000,1588.8767,47.3542,307.8558
235000,1600.1942,48.4634,306.8655
236000,1601.2116,47.8710,310.6972
237000,1682.6442,51.7862,306.7160
238000,1594.3641,47.4589,304.2663
239000,1661.6173,50.9286,306.0791
240000,1676.5617,51.5851,309.3014
241000,1607.5239,48.3874,307.1227
242000,1531.6710,46.2552,308.1179
243000,1638.0517,50.0657,309.7032
244000,1608.8082,48.7119,310.2971
245000,1613.7476,48.5120,307.4901
246000,1495.0774,44.7723,308.6574
247000,1580.0147,47.1203,310.5690
248000,1575.1788,46.7367,312.0662
249000,1611.5171,48.6855,302.4267
250000,1624.0358,49.0412,309.7258
251000,1638.2184,50.1538,308.2985
252000,1579.7376,48.2826,307.1962
253000,1569.4250,46.9677,311.5115
254000,1648.2234,50.2024,306.1738
255000,1692.9022,52.5947,308.3432
256000,1641.1443,50.8535,309.6563
257000,1591.1611,47.8012,305.6481
258000,1679.0355,51.2196,305.1557
259000,1637.4945,49.6020,306.6637
260000,1733.4757,54.1284,304.7670
261000,1219.6417,28.7672,298.3357
262000,1784.2349,56.5671,306.4163
263000,1657.8766,51.4718,302.9641
264000,1701.3631,52.6534,305.8593
265000,1717.2380,53.8177,301.9152
266000,1533.2276,46.6055,305.8862
267000,1643.8750,50.9084,301.6959
268000,1717.0749,53.7524,303.1627
269000,1709.7331,52.8477,300.7452
270000,1691.6589,52.4565,306.2839
271000,1795.5674,57.4015,302.4408
272000,1704.1845,53.8825,307.2661
273000,1749.6685,55.3600,307.3732
274000,1784.3826,56.5817,305.8759
275000,1754.7603,55.7220,309.7898
276000,1711.0783,54.0484,304.9787
277000,1504.9754,45.1211,301.5407
278000,1729.1158,54.6910,309.6940
279000,1567.8058,47.8412,305.5138
280000,1743.8125,54.8770,308.1207
281000,1794.8687,57.2985,308.1943
282000,1666.7461,51.5320,301.9151
283000,1616.8369,50.9627,308.2764
284000,1622.2881,49.8677,307.4674
285000,1751.9352,55.1944,306.1595
286000,1702.1693,53.3942,305.9344
287000,1718.1551,54.1820,308.9937
288000,1751.5632,55.2199,308.5681
289000,1735.4458,55.1799,308.3953
290000,1386.8567,36.8407,289.9494
291000,1692.5962,53.2700,307.2698
292000,1708.2562,53.1432,305.4834
293000,1741.3344,54.7303,307.5208
294000,1548.3254,46.8270,305.2389
295000,1696.6082,52.0094,303.7116
296000,1716.1078,53.5598,305.4083
297000,1747.1375,55.0201,307.1279
298000,1844.3638,59.8476,305.1496
299000,1783.2930,56.7908,305.7217
300000,1801.6520,57.5537,306.5861
301000,1791.4737,56.9201,301.8488
302000,1800.0963,57.5363,301.9313
303000,1814.3357,58.0340,306.8074
304000,1770.0205,56.0339,306.9299
305000,1501.5943,47.2356,307.1381
306000,1775.2597,56.7567,308.6979
307000,1751.6789,55.2653,305.4792
308000,1796.6977,58.1753,309.8499
309000,1802.3874,57.8207,308.4731
310000,1776.5010,56.5329,307.8936
311000,1828.6513,59.1051,310.4949
312000,1812.7242,58.4749,315.1363
313000,1676.4064,53.8889,306.6989
314000,1727.5581,54.7122,308.2422
315000,1745.1888,57.1919,310.5741
316000,1815.8404,58.6768,307.0494
317000,1798.0769,59.4970,306.8280
318000,1792.7858,57.1426,309.6386
319000,1787.6356,57.2477,312.5079
320000,1741.9627,55.8845,309.0568
321000,1830.3032,60.1548,310.5120
322000,1905.3974,62.7122,303.0725
323000,1858.5165,60.8326,303.6125
324000,1761.4489,57.2759,304.0552
325000,1863.9803,60.9262,305.4536
326000,1871.9314,61.1156,307.5968
327000,1854.6831,60.7706,302.2933
328000,1811.7894,58.6320,305.2601
329000,1888.2797,61.7887,307.1473
330000,1928.9665,64.0893,302.2334
331000,1887.4246,62.0514,307.3412
332000,1470.9126,41.3162,288.9026
333000,1886.1297,62.6652,305.9572
334000,1773.3998,57.3734,306.2968
335000,1874.5410,61.2120,305.1984
336000,1880.7607,61.4784,303.4857
337000,1810.8587,57.9497,299.5356
338000,1831.5628,59.2181,302.0255
339000,1893.2993,61.9762,303.5926
340000,1844.9051,61.2560,303.6572
341000,1909.1614,63.0817,306.6288
342000,1871.2854,62.0973,302.6502
343000,1975.1302,66.4703,307.4931
344000,1660.9723,53.6708,306.4027
345000,1955.2610,65.2555,307.3080
346000,1887.6357,61.7222,304.6674
347000,1937.3027,64.8154,311.2701
348000,1890.4373,61.9729,303.0276
349000,1853.6530,61.9893,307.2463
350000,1825.6288,59.4935,299.4510
351000,1907.5408,63.8879,302.8029
352000,1865.0843,61.5754,306.8477
353000,1870.5875,61.3310,305.1120
354000,1926.3438,64.5334,305.1192
355000,1983.0997,66.9695,309.4244
356000,1917.0445,63.2171,304.5534
357000,1912.7276,63.2565,303.4866
358000,1918.3935,64.3465,308.8589
359000,1959.3080,66.9072,311.8018
360000,1819.4253,60.6202,310.7615
361000,1843.8063,60.7896,308.5532
362000,2008.9729,67.8384,311.2141
363000,1881.2171,62.7382,303.4739
364000,1978.4287,67.0868,309.9500
365000,2019.6652,68.2706,309.0130
366000,1901.9736,62.6624,312.0885
367000,1990.1769,67.0573,310.1121
368000,1987.6946,66.6508,306.7525
369000,1980.1644,66.6260,310.5559
370000,2044.7008,69.4649,306.8958
371000,1955.6001,65.2898,307.8591
372000,1987.0722,66.7597,306.2794
373000,1938.0657,64.6973,308.3784
374000,1913.8679,63.0818,307.2817
375000,1890.2794,62.2629,303.8009
376000,1992.9048,67.0000,307.4354
377000,1924.3748,63.9028,308.2148
378000,1966.3345,65.9996,307.2267
379000,1948.7265,65.3866,311.1646
380000,1920.9743,64.0730,314.4992
381000,2013.2975,68.0806,311.4421
382000,1982.0836,66.7929,311.8295
383000,1953.1400,65.6955,313.9297
384000,2008.3438,67.9323,310.2425
385000,1918.4800,65.0698,310.5603
386000,2014.5619,68.5973,313.7858
387000,1921.6897,64.9052,310.7732
388000,1995.4886,67.5162,312.2100
389000,1969.4253,66.4961,309.0566
390000,2026.3732,69.0091,313.4905
391000,1954.9585,65.9684,310.2570
392000,1962.4237,66.0447,312.6792
393000,2005.4528,67.9342,313.3671
394000,2008.4660,68.2986,315.9684
395000,1933.1405,65.7590,317.8494
396000,2062.0631,70.9122,316.5116
397000,2113.8525,73.5144,312.5942
398000,2010.7279,69.5294,315.1602
399000,1993.0692,67.6347,312.4361
400000,2049.6492,71.5468,317.9360
401000,1954.8519,67.1721,315.8263
402000,2022.3877,69.6438,321.1528
403000,1934.4280,65.4163,321.0114
404000,2062.2376,71.4141,319.0509
405000,2054.0967,70.7632,319.2205
406000,2082.3095,72.6515,319.8823
407000,2060.8935,71.5401,325.9225
408000,2079.2519,74.1222,325.7927
409000,2079.8238,72.2629,326.4478
410000,2045.5893,71.0215,324.4532
411000,2050.9710,70.7361,322.2814
412000,2058.2544,71.1975,323.7680
413000,2074.3520,71.9153,320.0567
414000,2131.3401,74.8677,325.9635
415000,2171.0552,76.8887,326.4592
416000,2108.5156,74.6709,326.2147
417000,2095.9454,75.2640,323.5002
418000,2084.5344,73.0657,322.5278
419000,2136.5495,75.1374,325.8029
420000,2088.1249,72.8347,326.4258
421000,2148.4095,76.0030,325.9728
422000,2149.6218,76.2054,329.1326
423000,1982.0910,68.9957,329.0491
424000,2081.4810,72.6121,325.1597
425000,1996.2607,70.6615,325.2344
426000,2076.9436,72.5906,325.2555
427000,2120.2708,75.0730,328.6137
428000,2192.1553,78.9544,332.2151
429000,2149.5200,76.0841,330.1162
430000,2149.0062,76.1100,330.9950
431000,2070.7212,72.0036,322.9050
432000,2168.4325,76.6865,325.4831
433000,2156.4690,76.2700,329.0930
434000,2061.8063,72.7041,327.8536
435000,1693.7225,59.2672,325.6548
436000,2117.9744,74.3667,329.6029
437000,2145.5597,75.3377,327.6075
438000,2218.6456,79.7813,332.4050
439000,1950.8505,68.5484,326.7942
440000,2099.9507,74.3956,330.8737
441000,2009.4318,70.1325,324.8332
442000,2154.6168,76.6970,334.7122
443000,2203.0423,78.8779,332.5654
444000,2026.8108,71.7846,331.7438
445000,2164.1083,77.2111,335.1367
446000,2131.9148,75.2051,332.7217
447000,2153.0734,77.1788,339.6704
448000,2204.6333,79.7893,340.3839
449000,2166.9378,77.5295,342.6676
450000,2207.5617,79.4737,341.1372
451000,2246.8664,81.5723,343.7723
452000,2217.1460,80.1917,341.2643
453000,2247.6934,81.6192,342.1793
454000,2202.4309,79.6001,343.5159
455000,2090.0909,74.4146,345.4033
456000,2265.9054,82.4018,339.3307
457000,2198.5650,79.0503,340.9290
458000,2198.5376,79.6322,345.6321
459000,2231.3946,81.2698,338.2334
460000,2293.2323,83.9103,342.1044
461000,2023.7355,72.1661,340.2277
462000,2218.3595,80.2214,341.9330
463000,2162.2244,78.0081,342.3958
464000,2176.7915,79.2348,344.4289
465000,2220.5440,80.2729,346.2051
466000,2150.3018,77.1864,343.1050
467000,2142.4823,76.2255,339.5679
468000,2159.8490,77.4062,338.6975
469000,2213.7648,80.1046,344.4456
470000,2018.7389,74.2217,339.5546
471000,2139.0401,77.6215,338.2074
472000,2298.5010,84.4670,348.9691
473000,2283.5429,83.5345,349.4997
474000,2248.9274,81.8759,346.4235
475000,2275.0141,83.4518,347.3101
476000,2241.9490,81.6227,345.9844
477000,2195.6494,79.2661,347.9656
478000,2160.8189,78.8055,344.4757
479000,2188.5573,78.9923,346.3612
480000,2105.8663,76.4418,342.1543
481000,2278.4405,83.8429,341.0266
482000,2166.0006,78.4093,342.4232
483000,2226.5781,80.9035,347.5387
484000,2170.9588,79.1549,345.7120
485000,2262.4334,82.9495,350.3640
486000,2217.0737,80.1661,345.0380
487000,2266.9726,82.7722,346.7162
488000,2307.6381,84.9968,348.2409
489000,2288.5536,83.9166,347.9185
490000,2327.4190,85.8269,347.6133
491000,2270.4593,83.1691,347.7182
492000,2263.5895,82.8678,349.8861
493000,2322.5034,85.7240,348.4261
494000,2217.4907,81.0527,348.9580
495000,2246.5216,82.4295,348.5760
496000,2255.9866,82.4651,349.3818
497000,2307.7722,84.9331,348.8070
498000,2328.4683,85.9871,349.1858
499000,2360.6702,87.4357,351.3903
500000,2344.8922,86.6993,351.3160
501000,2308.5526,85.2657,350.5831
502000,2306.5068,85.0155,353.9708
503000,2292.8622,84.4649,350.9892
504000,2245.1862,82.5550,349.9196
505000,2220.9822,81.0993,357.3516
506000,2223.3858,81.0349,352.8662
507000,2317.0970,85.5299,352.0550
508000,2328.8854,85.8139,346.6484
509000,2303.9312,84.6701,350.4324
510000,2223.0464,82.0317,348.9091
511000,2312.0181,85.8460,347.9811
512000,2319.8452,85.7466,347.0531
513000,2345.0663,86.8796,349.3680
514000,2298.8354,84.5148,348.8110
515000,2305.8620,85.2327,352.6306
516000,2305.2843,85.7503,349.8403
517000,2292.7621,85.9620,351.4009
518000,2303.2875,84.8679,354.0245
519000,2264.5202,82.9513,349.9638
520000,2347.6942,87.1645,348.9372
521000,2113.6126,77.8318,346.4917
522000,2250.3383,82.1964,348.3453
523000,2372.4452,88.3050,352.4105
524000,2363.7053,88.7644,353.9071
525000,2380.8904,89.3277,352.0556
526000,2270.7335,83.3398,355.0207
527000,2300.2318,86.4823,353.2694
528000,2351.2809,87.2886,356.5326
529000,2371.9913,88.8714,353.6919
530000,2252.6544,82.6697,353.3019
531000,2263.0045,83.3654,353.4875
532000,2347.5140,87.6898,352.4498
533000,2371.6795,88.4760,356.2796
534000,2326.4822,86.6833,358.3551
535000,2342.4247,87.4026,359.5617
536000,2289.8467,85.3999,361.8222
537000,2379.8487,89.1741,359.4106
538000,2427.5998,91.7932,360.2852
539000,2296.4879,84.9635,358.3240
540000,2374.9612,89.3847,361.9807
541000,2356.3420,87.8163,357.4228
542000,2302.0121,86.5666,358.3167
543000,2363.5816,88.6595,361.9012
544000,2299.3089,86.4378,356.5140
545000,2359.7852,87.9830,360.0138
546000,2346.1641,87.7207,363.7794
547000,2363.1067,88.2219,357.1944
548000,2284.9085,84.9869,360.8225
549000,2330.8737,87.0789,357.1155
550000,2399.6320,90.3691,357.7951
551000,2312.1682,86.2998,361.0868
552000,2382.0918,89.2053,356.9060
553000,2425.9389,91.2939,358.3430
554000,2383.4676,89.5045,361.0676
555000,2335.3721,87.1618,362.3170
556000,2458.9453,93.4054,361.2190
557000,2366.9079,89.1625,360.4683
558000,2398.2500,90.8592,357.9833
559000,2433.9640,92.4556,356.9016
560000,2410.1804,90.9582,356.7492
561000,2401.9049,90.1868,360.8129
562000,2402.3211,90.2750,360.9120
563000,2416.2768,91.6505,359.9492
564000,2237.3982,83.5628,356.9486
565000,2341.9057,88.2324,357.6660
566000,2420.8683,91.4604,357.0634
567000,2338.4297,87.5159,357.5231
568000,2461.0250,93.0992,361.2424
569000,2424.9270,91.8543,358.2509
570000,2396.4166,90.3195,359.6895
571000,2463.9341,93.1090,359.9082
572000,2456.7256,92.8197,359.7529
573000,2462.3494,93.2719,358.4365
574000,2371.6002,88.6463,357.1364
575000,2368.8763,88.7947,356.9637
576000,2410.4433,90.5731,355.9996
577000,2401.8278,90.4089,354.6518
578000,2366.8863,88.1173,354.2312
579000,2405.3649,91.2793,357.1436
580000,2379.6934,89.3984,354.9587
581000,2403.4485,90.2554,358.4264
582000,2438.4221,93.7378,355.6907
583000,2437.6427,92.2633,360.3854
584000,2317.4351,87.0548,355.0284
585000,2295.1373,86.2991,354.6089
586000,2439.6127,92.0686,355.0841
587000,2403.8502,90.6444,355.2413
588000,2319.3796,86.9269,352.4839
589000,2352.6607,89.1439,356.9965
590000,2313.5346,88.0277,352.0049
591000,2430.2464,91.4745,357.4066
592000,2424.7077,91.2161,359.9616
593000,2501.4347,94.7366,358.5381
594000,2473.4151,93.7368,354.6485
595000,2448.3673,92.3965,353.0502
596000,2421.5669,91.1246,353.7450
597000,2428.6449,91.8903,350.9385
598000,2437.4199,91.7765,352.6521
599000,2422.1408,91.6158,349.4940
600000,2457.8746,93.0132,349.8396
601000,2400.3127,89.9576,351.2165
602000,2346.9562,87.8029,345.2514
603000,2344.5957,88.8095,347.5667
604000,2465.8737,93.3425,351.0550
605000,2440.7749,92.2176,350.6865
606000,2445.5465,92.1757,346.4003
607000,2359.0555,88.6146,356.8409
608000,2312.4552,86.1825,350.8574
609000,2381.0393,89.6585,350.8492
610000,2437.1414,91.6962,352.6335
611000,2291.8418,86.2645,349.1716
612000,2397.9152,90.7504,351.4537
613000,2471.6932,93.2801,352.7644
614000,2412.4202,90.3635,348.2582
615000,2364.3685,88.8860,345.3926
616000,2349.1247,88.1945,343.0785
617000,2361.7602,88.8764,346.4642
618000,2406.5345,90.3552,346.6882
619000,2490.8253,94.0578,348.7557
620000,2475.3292,93.5867,348.9293
621000,2282.9618,85.5427,344.6295
622000,2396.1743,90.7988,347.7665
623000,2490.4110,94.1852,348.1392
624000,2462.9573,93.3569,346.8624
625000,2513.3320,95.4150,349.1306
626000,2440.4559,91.5278,346.2165
627000,2366.3423,89.7084,343.0036
628000,2483.9763,94.1006,349.9393
629000,2436.5894,91.9001,347.1620
630000,2393.0116,90.5765,348.1264
631000,2455.3733,92.4253,350.7654
632000,2509.5413,95.1050,348.9624
633000,2416.7767,90.8170,351.6632
634000,2407.4797,90.3147,349.3818
635000,2454.6168,92.3264,350.8540
636000,2348.5316,88.0825,344.3688
637000,2451.0312,92.3465,349.2603
638000,2560.3930,97.7812,350.4832
639000,2373.5922,89.7091,350.9353
640000,2378.1402,89.6739,348.0193
641000,2340.4871,87.8119,348.0386
642000,2419.5462,90.9914,350.3011
643000,2400.0179,89.8148,348.6269
644000,2431.3508,91.8651,351.0581
645000,2470.6778,93.3063,352.4929
646000,2426.3737,90.9938,347.9498
647000,2437.8718,91.7841,351.6870
648000,2498.6031,94.7676,351.6547
649000,2501.3343,94.8768,352.4339
650000,2377.0997,89.2543,350.7917
651000,2516.8964,95.6681,352.7281
652000,2524.1771,96.0542,351.2271
653000,2482.7989,94.4822,350.8547
654000,2475.7402,94.1091,349.4712
655000,2542.9868,97.0721,352.4996
656000,2441.7345,92.1421,355.7682
657000,2485.6803,94.2625,355.4536
658000,2444.3004,92.2019,353.4513
659000,2472.6642,93.2322,350.3540
660000,2411.9405,91.1633,354.6263
661000,2460.6179,92.9668,355.1335
662000,2470.6617,93.3510,354.2561
663000,2445.2337,91.9374,350.1456
664000,2528.2830,96.3049,351.9230
665000,2524.2834,95.9588,353.1702
666000,2466.3422,93.3350,353.9077
667000,2510.9672,95.2891,356.0080
668000,2463.1670,93.6041,350.1877
669000,2455.2126,92.6451,353.3154
670000,2512.3929,95.5870,354.8711
671000,2524.9570,96.1256,356.6450
672000,2521.8228,95.8453,352.2008
673000,2585.5630,98.8532,354.4409
674000,2473.6204,93.7355,356.3753
675000,2413.7653,91.1394,355.4583
676000,2530.4287,96.1926,353.7502
677000,2501.7198,95.0259,355.1743
678000,2435.7851,91.8254,353.6205
679000,2493.9790,94.7617,355.4638
680000,2519.3102,96.3230,356.7063
681000,2455.8898,92.7611,356.6584
682000,2459.1093,92.9372,355.7701
683000,2358.5638,89.6329,352.0549
684000,2499.1478,95.0277,356.4964
685000,2242.9410,85.1362,354.0210
686000,2500.4281,94.7331,352.9543
687000,2497.2123,94.5377,354.7610
688000,2393.3942,91.2168,349.2931
689000,2472.0372,93.8985,355.9330
690000,2418.1846,91.1952,354.5226
691000,2207.9388,82.9461,351.6933
692000,2532.6949,96.4794,358.7204
693000,2553.9045,97.5141,355.8536
694000,2372.0189,89.4077,356.8198
695000,2478.5183,94.5838,358.0931
696000,2421.9860,91.9821,354.5423
697000,2477.5066,93.8053,355.3398
698000,2528.0744,96.5954,356.2662
699000,2549.8370,97.7889,358.5946
700000,2479.7437,93.9855,354.8148
701000,2552.0019,97.4901,356.4270
702000,2557.1945,97.7013,356.3463
703000,2565.7215,98.3043,358.3995
704000,2455.7473,93.4451,357.1644
705000,2468.7288,94.2205,355.3153
706000,2430.9379,92.8176,356.9796
707000,2372.6937,90.6158,353.9229
708000,2523.0667,96.3146,357.6755
709000,2472.1282,93.7153,355.7138
710000,2454.7091,93.0799,358.2095
711000,2472.1812,93.8424,355.5738
712000,2433.9076,92.7601,358.5973
713000,2532.3634,97.0909,359.2456
714000,2581.6553,99.2244,356.7970
715000,2532.3660,96.6857,357.9939
716000,2530.1377,96.6538,363.3690
717000,2430.3008,92.7136,356.6452
718000,2241.9925,85.5019,352.8214
719000,2422.4021,92.1644,360.0992
720000,2510.5555,95.7768,358.8672
721000,2423.4672,91.6541,359.3164
722000,2520.9582,96.1514,358.1707
723000,2517.0902,96.0045,355.8197
724000,2498.9641,94.8404,356.8331
725000,2390.2097,90.7545,357.5374
726000,2512.2928,95.5739,354.4455
727000,2369.0011,90.6060,350.8781
728000,2470.1831,93.4289,355.3305
729000,2447.3372,93.0964,352.0059
730000,2503.1605,95.3891,359.0255
731000,2522.9251,96.0683,358.1009
732000,2494.6280,94.4743,356.8643
733000,2536.8480,97.0075,358.2757
734000,2546.3881,97.4145,359.6212
735000,2491.7752,94.5825,356.6610
736000,2480.2410,94.6526,356.0519
737000,2505.4046,95.2418,356.8005
738000,2540.7582,97.1732,357.8932
739000,2469.8114,93.9255,358.2028
740000,2535.7694,96.8361,358.0769
741000,2553.1130,97.8323,360.3848
742000,2537.3933,96.9339,360.1733
743000,2488.7107,94.5066,362.6677
744000,2498.0889,95.5956,363.3560
745000,2426.4419,92.5448,358.4140
746000,2501.0870,95.2780,363.3917
747000,2582.0149,99.1385,363.8952
748000,2555.9132,98.1497,365.5548
749000,2499.5358,95.4434,365.7796
750000,2541.6762,97.7030,363.0909
751000,2464.0130,93.4861,361.3413
752000,2492.6470,95.1003,358.9395
753000,2512.7647,96.0104,360.4166
754000,2514.7335,95.7993,363.1631
755000,2561.3105,98.4134,363.4879
756000,2538.8062,97.1783,361.4330
757000,2451.4288,93.7404,361.0799
758000,2526.6643,96.4527,359.9974
759000,2401.1177,91.6063,357.5651
760000,2593.6237,99.5135,359.9842
761000,2318.0256,88.6596,359.7164
762000,2427.5531,92.7941,358.4474
763000,2547.4634,97.4712,360.0298
764000,2539.9335,96.9737,362.6556
765000,2520.2553,95.9689,358.8188
766000,2414.8682,92.0390,359.2764
767000,2566.1218,98.1905,359.6968
768000,2560.7667,98.1301,359.7655
769000,2541.4264,97.2701,360.8937
770000,2494.5956,94.9923,355.4473
771000,2568.7670,98.2720,361.3142
772000,2525.5217,96.2311,360.2869
773000,2474.4016,93.8917,362.4147
774000,2551.6461,97.7545,362.3277
775000,2488.1261,95.8837,356.8860
776000,2514.5579,95.8664,360.9790
777000,2455.2959,93.8466,358.1174
778000,2422.3698,92.9818,358.9737
779000,2532.9355,96.8802,360.1153
780000,2568.9424,98.5254,359.6493
781000,2526.5297,96.6517,364.5690
782000,2447.3957,93.8813,362.4562
783000,2538.8888,97.3851,357.9776
784000,2505.3767,95.9105,359.3626
785000,2530.5070,96.7309,360.7295
786000,2514.1579,96.5594,358.9576
787000,2472.4826,94.5576,358.8765
788000,2525.6262,96.1105,356.8597
789000,2527.5932,96.4224,360.3807
790000,2606.1317,100.2045,357.5151
791000,2582.2106,99.2466,359.9469
792000,2579.1800,98.8161,357.9791
793000,2556.8703,97.8401,359.5083
794000,2574.0169,98.8876,357.9928
795000,2511.0378,96.1953,357.1548
796000,2523.4781,95.8133,353.7333
797000,2536.0791,96.9736,359.4025
798000,2594.9169,100.0786,358.6027
799000,2529.0357,97.2698,354.8875
800000,2460.9062,93.5976,357.5111
801000,2455.7217,94.1730,354.4471
802000,2554.7499,97.8291,354.5412
803000,2522.7990,96.6062,355.7274
804000,2568.0589,98.4071,356.4226
805000,2548.1719,97.6398,359.9581
806000,2551.9381,97.3997,355.4803
807000,2430.8348,92.6587,356.5132
808000,2553.8498,97.8710,359.5876
809000,2464.7547,93.5225,358.0394
810000,2520.1585,95.9479,357.5922
811000,2569.3490,98.3755,357.3188
812000,2516.3513,95.8377,359.7736
813000,2584.8824,99.4538,362.4062
814000,2587.5513,99.5394,363.2065
815000,2533.2137,96.7137,360.3554
816000,2557.7518,98.5988,362.0557
817000,2541.9968,98.0030,360.8382
818000,2543.7509,97.8134,360.6411
819000,2530.1121,96.6159,358.5680
820000,2520.6149,96.3316,360.4574
821000,2540.8247,96.9674,360.0498
822000,2549.7090,97.3571,359.1096
823000,2584.0482,99.5814,362.2085
824000,2536.5124,96.6521,357.3171
825000,2561.6098,98.0686,360.2059
826000,2534.0175,96.9622,361.9666
827000,2570.0512,98.8688,362.8577
828000,2501.2100,96.0641,356.4672
829000,2549.0450,97.8197,360.5785
830000,2548.6701,97.6837,357.7643
831000,2418.7651,92.5025,356.6866
832000,2572.5984,98.4889,358.3535
833000,2515.4261,95.8881,356.5834
834000,2423.8751,92.5859,354.3011
835000,2563.1957,98.0718,359.0213
836000,2572.4401,99.0876,359.7338
837000,2578.5408,99.2598,357.6638
838000,2488.3014,95.1060,357.2494
839000,2546.9080,97.3367,357.6912
840000,2581.2580,99.1636,354.4509
841000,2548.4086,97.4701,354.1802
842000,2542.9075,97.0066,354.6128
843000,2601.6373,100.0066,357.1362
844000,2583.5817,99.1330,358.9873
845000,2544.5687,97.0396,355.3728
846000,2568.7144,98.3273,357.5479
847000,2532.9429,96.7595,358.0901
848000,2570.8816,98.6605,357.1697
849000,2560.5034,98.6450,355.6732
850000,2638.2627,101.8103,357.1353
851000,2482.0281,94.9768,355.9659
852000,2526.6917,96.2905,356.1961
853000,2501.8190,95.3564,360.4921
854000,2487.0718,94.3970,360.4797
855000,2599.9684,100.0765,359.3675
856000,2529.7449,97.2742,356.7793
857000,2565.7268,98.5841,360.5294
858000,2517.9827,96.1267,360.7635
859000,2599.2046,99.7448,356.7133
860000,2543.3759,97.1232,360.2947
861000,2592.4670,99.8069,359.7584
862000,2521.0329,96.7400,356.7030
863000,2628.2800,101.3519,359.0050
864000,2482.1683,94.6110,356.2490
865000,2533.8568,97.2501,358.2293
866000,2580.8509,98.9836,357.8108
867000,2483.1739,94.8982,359.5539
868000,2491.1749,95.1798,356.9412
869000,2588.9258,99.8010,359.6698
870000,2518.7007,96.0421,356.8458
871000,2588.8845,99.6825,359.2769
872000,2580.1848,98.7212,358.8748
873000,2563.8976,98.2444,360.3396
874000,2541.8380,97.7232,358.0050
875000,2519.9354,96.1774,358.2571
876000,2609.7481,100.4320,358.9484
877000,2533.2191,97.3656,357.5530
878000,2485.4498,95.1731,356.6631
879000,2534.9959,97.5550,357.3287
880000,2625.5807,100.9591,358.6643
881000,2539.1103,97.2660,361.2178
882000,2582.2502,99.2584,359.7825
883000,2535.8579,96.9047,357.4439
884000,2534.5511,96.7139,356.4514
885000,2538.0298,96.8663,356.3378
886000,2570.8215,98.7559,358.3978
887000,2384.9235,91.2605,356.6822
888000,2278.8513,86.9347,357.2848
889000,2568.0700,98.4126,359.6419
890000,2597.3775,99.8827,357.5507
891000,2523.3198,96.2846,358.2716
892000,2646.3627,101.9995,354.5300
893000,2561.2120,98.1669,357.7140
894000,2573.8972,98.6708,355.0640
895000,2558.9406,98.5446,355.5653
896000,2565.9619,98.1602,355.1817
897000,2605.1031,100.4174,357.0315
898000,2620.7919,100.8096,357.7182
899000,2583.9080,99.0281,355.4121
900000,2620.2080,100.9772,357.0558
901000,2541.3712,96.9376,356.0735
902000,2546.7927,97.6548,358.9298
903000,2579.9838,99.4912,358.1852
904000,2489.5563,95.1622,356.1975
905000,2593.7143,99.4324,356.3416
906000,2600.2926,99.9197,355.6105
907000,2629.5774,101.3244,357.0558
908000,2554.8651,97.8810,356.3443
909000,2577.6464,98.8980,355.5976
910000,2585.3875,99.1845,353.4988
911000,2537.1670,96.8058,355.6125
912000,2554.7014,97.7422,356.4160
913000,2543.3868,97.3602,355.4131
914000,2596.8175,99.3953,350.7770
915000,2558.4852,97.7120,353.0036
916000,2572.0807,98.3850,352.9249
917000,2527.3404,96.5640,353.9462
918000,2408.3973,92.0235,354.1881
919000,2477.5441,95.2571,356.2061
920000,2522.4430,96.1604,356.7581
921000,2546.3089,97.1246,352.8482
922000,2598.1270,99.9903,354.9780
923000,2601.1695,99.9268,357.7369
924000,2418.7894,92.0284,354.2131
925000,2528.4411,96.3953,356.1628
926000,2551.9641,97.4681,355.7881
927000,2561.7616,97.8135,354.4613
928000,2533.7854,96.6390,357.6721
929000,2538.7481,97.0916,356.8059
930000,2574.3094,98.5912,354.2500
931000,2592.2824,99.5307,355.2968
932000,2619.0733,100.6707,355.8058
933000,2604.6803,99.8060,352.1101
934000,2540.0331,97.2047,354.5194
935000,2309.3702,89.0131,351.8078
936000,2537.1629,96.7606,356.1743
937000,2619.1526,100.8696,357.8032
938000,2568.8029,98.4008,353.4278
939000,2554.1725,97.7996,354.4660
940000,2550.7690,97.5565,358.1787
941000,2580.2219,98.5739,354.5946
942000,2600.1389,99.8449,356.6653
943000,2539.4344,97.1311,354.0697
944000,2525.2865,95.9872,351.8366
945000,2591.1340,99.6082,356.1536
946000,2612.6805,100.5050,357.8463
947000,2583.1186,99.2861,357.7637
948000,2478.7226,95.1519,356.5978
949000,2586.5724,99.2940,358.6590
950000,2516.0559,95.5695,352.3645
951000,2606.1893,100.4855,358.1546
952000,2572.2783,98.7425,361.6166
953000,2527.1854,97.1964,355.8494
954000,2516.1470,96.7163,356.7586
955000,2383.6363,91.5200,356.6652
956000,2538.1020,96.7183,359.1157
957000,2558.7540,97.8076,356.9873
958000,2471.7962,94.6304,357.0908
959000,2553.8476,97.8404,356.9045
960000,2557.3760,97.7394,357.6752
961000,2645.9073,102.0916,356.5181
962000,2602.8599,99.8366,358.1237
963000,2525.7103,96.1060,355.2591
964000,2517.8734,95.6400,355.3551
965000,2551.2847,97.6238,354.1196
966000,2575.6623,98.6920,356.3480
967000,2533.4459,96.4580,356.5438
968000,2587.1995,99.4267,357.9470
969000,2517.8328,96.5624,356.7773
970000,2504.6897,95.5289,360.2052
971000,2546.2867,97.5534,359.1782
972000,2561.9229,97.7261,355.1561
973000,2553.7151,97.6216,357.9493
974000,2569.5891,98.3385,358.4910
975000,2555.7912,97.4413,357.1108
976000,2544.7150,96.9580,353.5819
977000,2566.6456,98.4763,361.7783
978000,2587.3986,99.3326,358.2054
979000,2543.0931,98.1697,354.9572
980000,2502.5616,95.8221,357.4724
981000,2623.9101,101.1697,354.5018
982000,2610.4030,100.4056,352.4857
983000,2607.8988,100.1896,354.1371
984000,2566.3262,98.1326,351.5379
985000,2548.4682,96.9230,351.1505
986000,2610.8667,100.2636,352.9110
987000,2578.7273,98.4967,352.2755
988000,2624.5619,101.0161,353.2247
989000,2614.4064,100.5716,353.5608
990000,2322.3525,89.5002,351.6303
991000,2559.2327,97.9953,351.3280
992000,2585.5059,99.1670,352.0523
993000,2558.7443,98.4141,352.2491
994000,2559.6067,98.1894,352.4899
995000,2564.5013,98.0084,351.8922
996000,2572.9889,98.8303,352.1039
997000,2613.9104,100.4959,355.0054
998000,2612.6309,100.4017,354.6013
999000,2576.8334,99.1065,354.8825
1000000,1976.9239,74.9150,349.0137
1001000,2471.4703,94.3566,354.8456
