timestep,reward,distance,control_cost
1000,-245.5103,-13.2751,311.2286
2000,438.6929,0.6417,311.4258
3000,473.3883,-2.3092,315.5871
4000,620.2709,1.5821,315.6414
5000,355.4107,-1.7791,310.0169
6000,294.8609,0.4626,312.8684
7000,501.9238,-2.5423,311.3391
8000,406.1653,-1.7213,315.8667
9000,-235.9209,2.3714,310.9402
10000,109.3581,-3.2256,314.0550
11000,332.4942,-6.3006,315.1943
12000,659.4118,1.3652,309.3951
13000,462.0047,-3.0121,310.1974
14000,243.4272,-0.8353,310.4696
15000,126.0376,-6.4708,314.4101
16000,548.7584,-2.1864,311.2618
17000,4.8714,-4.9436,308.1377
18000,189.6511,-4.0993,309.2275
19000,-170.8573,-1.8224,316.0649
20000,492.1181,1.8293,311.1423
21000,498.5936,-2.7829,310.5089
22000,474.3242,0.3479,308.5610
23000,275.9170,0.3878,310.5541
24000,371.5972,-0.0406,312.8562
25000,587.1684,-0.7862,308.5130
26000,392.5649,-0.0272,313.3970
27000,-600.7320,-14.4226,312.7877
28000,327.7270,-3.5953,307.5025
29000,497.9284,-0.3199,310.8389
30000,140.5163,-3.8111,302.6051
31000,371.8788,-2.9926,309.4351
32000,-97.2989,0.9743,310.8879
33000,-51.1025,0.5179,310.6631
34000,534.6843,0.3318,309.9489
35000,655.2703,0.2131,303.4451
36000,167.8063,-5.2215,311.6869
37000,460.5778,-0.5470,311.4946
38000,500.5480,-4.3049,307.5715
39000,542.9970,-4.7573,311.3604
40000,382.5365,-4.8945,308.7132
41000,457.7083,-1.1565,304.8675
42000,607.1289,-1.3277,306.5978
43000,577.8074,-1.3186,307.6423
44000,700.6439,3.3154,297.6084
45000,435.8786,0.5112,301.1988
46000,433.4566,-2.0037,302.1164
47000,144.2135,5.1782,300.0355
48000,434.6805,-2.3142,308.7907
49000,-131.3837,-2.6168,308.6916
50000,468.9997,-4.0836,303.1203
51000,517.3500,-0.5593,304.5622
52000,661.4807,0.9796,303.1672
53000,455.2485,-0.6613,310.5452
54000,538.2614,-2.8863,308.1513
55000,305.6794,0.4034,301.3611
56000,567.6165,-2.1403,307.9109
57000,611.3093,-0.8082,302.2998
58000,509.4162,-0.8384,314.4405
59000,-187.5032,-1.5199,306.4868
60000,-317.0028,-3.1432,301.4273
61000,610.5287,0.0534,305.8963
62000,411.5507,1.4409,299.6132
63000,201.2156,-3.0974,304.5540
64000,534.9266,-1.2706,303.6740
65000,589.5510,-0.7634,309.2391
66000,310.9025,-3.5824,305.2140
67000,359.1331,6.5543,307.6775
68000,470.9930,-1.5991,301.7035
69000,612.4134,2.3598,302.9802
70000,633.8503,1.5607,306.7607
71000,57.5509,-2.4437,301.1524
72000,464.1862,-2.2419,308.0994
73000,-28.0597,2.0243,305.0140
74000,468.9843,2.5461,307.5199
75000,680.7193,2.7827,303.8776
76000,679.4673,2.7571,309.4049
77000,661.0889,0.8185,304.9361
78000,643.2872,0.5154,309.2345
79000,346.9776,1.0878,301.4711
80000,495.0212,-1.9839,307.1941
81000,441.2430,2.9712,303.2730
82000,599.8209,-0.5369,303.4036
83000,338.9843,-0.9051,306.1656
84000,135.6611,2.0221,305.5899
85000,697.0144,2.5369,308.3164
86000,638.9573,2.1196,301.7996
87000,691.1049,4.1360,304.3369
88000,624.0435,3.8528,304.8825
89000,643.9293,1.9367,305.1012
90000,760.9618,6.3407,304.8422
91000,608.3492,3.4742,299.1656
92000,711.8248,3.6809,294.6124
93000,520.7511,6.1571,297.2827
94000,710.7799,5.1552,299.1624
95000,753.1423,6.2438,303.4915
96000,616.4851,2.8359,298.7767
97000,727.7724,4.9117,306.9511
98000,675.8453,5.3759,303.9008
99000,757.9746,5.3243,297.5891
100000,733.8688,6.1668,305.5651
101000,761.2734,7.0657,305.3181
102000,732.8458,5.4869,303.1641
103000,589.1441,0.8587,301.1338
104000,811.0514,7.5287,304.3357
105000,654.0914,6.1501,300.8130
106000,755.7958,5.6344,301.0379
107000,815.6364,8.6507,306.0275
108000,781.2060,7.0976,302.1648
109000,635.6581,4.4643,302.4553
110000,762.3217,7.0207,305.1923
111000,542.4891,5.0063,301.7660
112000,776.0759,10.3754,305.8882
113000,712.8652,7.4486,301.8941
114000,653.5050,8.1180,308.3881
115000,853.3591,10.0772,307.7527
116000,659.3312,4.3136,304.3131
117000,662.7928,8.8521,307.0027
118000,841.7010,10.8828,308.7768
119000,740.2376,8.7000,306.5195
120000,878.6252,11.6426,306.4918
121000,858.0088,11.1326,306.7776
122000,821.5407,11.2642,306.0874
123000,898.6183,13.8587,304.8066
124000,765.0679,9.6271,305.3696
125000,883.6901,12.8269,305.1700
126000,895.9349,12.8277,307.5544
127000,872.0457,10.8048,306.8367
128000,558.2823,5.9126,306.4044
129000,682.1182,7.5813,302.8568
130000,999.9139,17.9260,316.8227
131000,795.7853,11.0733,312.9574
132000,902.3567,12.7593,307.6498
133000,875.7816,12.1283,311.4044
134000,942.3507,16.2310,308.9763
135000,990.5248,17.9714,311.4621
136000,896.4337,15.9478,312.3039
137000,838.2733,10.6572,311.7107
138000,979.1381,16.8752,315.0475
139000,902.1173,17.1168,308.1885
140000,987.1011,17.3659,311.8769
141000,1026.4345,19.5549,320.2243
142000,979.4938,17.4387,314.5926
143000,821.0633,13.1282,315.4461
144000,974.9984,17.7008,308.6109
145000,953.6075,17.7101,313.6511
146000,1045.0199,21.2053,310.9694
147000,963.7994,16.2024,304.9856
148000,943.6901,18.0348,311.3319
149000,1031.9335,22.4053,307.8159
150000,1012.7828,19.7398,313.4774
151000,1022.1641,18.9784,314.7960
152000,1086.2909,23.2262,309.7535
153000,1019.9848,19.8347,313.5701
154000,1115.3715,23.6442,313.9182
155000,1124.2140,24.7588,317.4641
156000,1097.4253,23.8478,313.2758
157000,1139.0414,25.8849,315.3597
158000,1176.9320,27.6025,320.5228
159000,1138.0177,25.3406,320.8090
160000,1041.5382,21.3558,320.4015
161000,1066.5703,24.9847,317.8467
162000,1077.7362,24.0811,324.1580
163000,929.1879,20.2190,315.8387
164000,976.2661,21.9595,313.4641
165000,1117.1763,25.4933,320.7459
166000,1143.6505,26.6671,322.2342
167000,1130.1549,24.8828,317.1754
168000,1166.3156,26.7429,318.3893
169000,1216.9923,29.1851,317.7343
170000,1030.6205,22.1297,318.0498
171000,963.7833,19.7395,316.1244
172000,1143.3184,28.6227,319.5083
173000,1136.4916,25.4595,319.2990
174000,1167.5592,28.1325,317.5382
175000,819.0864,13.3944,313.0572
176000,1206.5769,29.7235,315.7737
177000,1193.6815,28.1683,319.0298
178000,985.2148,22.2590,318.7398
179000,1182.3286,27.8619,321.2718
180000,1201.2071,28.4402,323.3691
181000,1226.0623,29.5414,318.5249
182000,1216.9471,30.3743,319.4323
183000,1242.1572,30.5286,316.4441
184000,1151.7472,26.6670,314.4892
185000,1249.8808,31.2368,316.7700
186000,1112.5465,26.5159,321.1409
187000,1259.6704,32.3159,318.6956
188000,1259.0802,31.7426,324.1816
189000,1205.6639,31.0645,331.3714
190000,1167.1978,29.0829,320.4900
191000,1309.6456,34.3643,321.3155
192000,1289.0612,32.9191,323.1952
193000,970.2121,22.9888,316.4154
194000,1214.0577,29.6166,318.3405
195000,1330.3028,34.9035,321.2719
196000,896.3583,21.5440,318.8052
197000,1088.6767,26.9453,317.1097
198000,1079.0372,26.6176,316.7461
199000,1266.6114,32.0485,317.2981
200000,976.2531,25.9636,317.8329
201000,1303.6717,34.4643,325.9204
202000,1060.1739,26.1650,322.8446
203000,1325.3456,35.4534,324.6476
204000,1293.8363,33.4990,322.8971
205000,1228.3992,31.1024,319.4807
206000,1234.8812,30.0937,320.9786
207000,1305.0137,33.7959,322.5176
208000,1320.9674,34.9098,323.1353
209000,1272.6232,32.8687,320.5220
210000,1322.4859,35.2818,318.5818
211000,1423.2186,39.5747,317.7304
212000,1260.0651,34.0271,319.7501
213000,1319.9835,36.7525,314.9070
214000,1401.3073,38.2371,310.9057
215000,1293.7433,33.1559,318.9206
216000,1262.8895,33.3805,316.3771
217000,1376.6335,37.3255,318.4404
218000,1330.8153,35.4776,316.4784
219000,1353.6175,36.4357,320.5575
220000,1338.6603,35.1043,314.6571
221000,1349.0871,37.0900,313.2873
222000,1464.4459,41.6003,316.7948
223000,1353.4479,37.2426,320.8492
224000,1291.8125,34.5461,317.9007
225000,1432.3463,40.1216,315.8133
226000,1423.5711,39.4477,320.0491
227000,1343.2618,37.1244,317.4879
228000,1322.8130,35.0824,318.4544
229000,1259.2262,32.0704,316.8385
230000,1442.7214,41.8640,318.7118
231000,1417.8036,40.5336,315.4221
232000,1493.1914,42.8399,314.9116
233000,1432.8125,40.7388,319.0056
234000,1370.4041,37.2858,315.9193
235000,1159.5527,29.3955,317.8075
236000,1455.6280,40.8802,316.8029
237000,1256.8952,33.7349,318.1741
238000,1433.0319,40.0053,318.6034
239000,1430.9032,39.3828,317.3677
240000,1540.9308,45.2948,315.2341
241000,1362.3507,36.6644,315.5029
242000,1510.4817,43.0598,307.9647
243000,1409.6015,38.8847,313.3308
244000,1323.7010,35.7834,310.2977
245000,1366.3954,38.1877,309.5655
246000,1443.1873,40.9646,311.0730
247000,1546.0984,45.6081,311.7052
248000,1461.3791,41.3374,314.7605
249000,1340.7284,36.4428,311.3102
250000,1515.8932,43.9487,312.3380
251000,1512.1114,43.2852,308.2405
252000,1299.9957,36.6949,322.0904
253000,1495.2566,43.6976,314.9544
254000,1012.7071,23.2603,318.8051
255000,1478.0519,42.3326,314.0407
256000,1500.4525,43.2343,313.2014
257000,1347.7542,37.7903,310.6127
258000,1493.3229,43.3206,309.1806
259000,1442.2586,42.4725,314.5725
260000,1411.9269,38.8237,313.5609
261000,1440.9060,42.3900,312.6967
262000,1391.2499,38.4791,312.5878
263000,1471.4740,41.5575,308.8004
264000,1499.5933,43.8328,309.5547
265000,1488.0705,42.8287,307.1224
266000,1513.2677,43.6080,311.5142
267000,1448.3847,40.7079,310.7845
268000,1497.7030,42.4946,306.6300
269000,1501.7708,43.2394,307.1881
270000,1454.4724,43.2696,306.7579
271000,1526.8813,43.9942,307.9467
272000,1506.6728,43.4527,312.7842
273000,1558.7254,45.8434,307.4344
274000,1506.5427,44.0277,312.6761
275000,1587.0858,47.3676,309.5770
276000,1569.8445,46.8273,312.5491
277000,1571.9315,46.5850,312.7883
278000,1314.8235,35.8730,310.1102
279000,1647.0452,49.9109,305.5834
280000,1546.0744,45.4313,309.6524
281000,1451.1669,40.3887,308.1498
282000,1618.1452,49.2757,302.2459
283000,1584.3064,47.3529,306.6603
284000,1362.3377,36.2637,311.5362
285000,1411.0184,40.5027,278.0147
286000,1502.6526,43.5665,308.1974
287000,1536.0884,44.4761,311.0680
288000,1514.0617,44.1229,309.4693
289000,1490.3689,42.4832,309.3594
290000,1549.0589,45.2507,310.2869
291000,1545.4141,46.0035,308.2588
292000,1595.4890,47.6100,306.9847
293000,1650.0726,49.8096,305.4376
294000,1504.0905,43.4234,307.2945
295000,1610.5749,47.9491,307.3686
296000,1571.6014,46.4154,306.1578
297000,1577.7448,46.4371,307.2711
298000,1640.0817,49.2560,302.8111
299000,1596.7102,47.7901,303.8306
300000,1690.3943,52.0179,308.1968
301000,1580.0832,46.5561,303.4756
302000,1577.3500,46.4551,308.5815
303000,1566.5579,46.4934,307.4038
304000,1681.4592,51.8506,309.7983
305000,1610.4444,49.4509,307.5249
306000,1711.0974,53.7169,309.5245
307000,1685.6801,51.6149,307.1875
308000,1699.2648,52.9352,310.3873
309000,1654.3227,50.4091,308.2258
310000,1677.8208,51.9215,306.7779
311000,1590.2202,48.7134,303.9370
312000,1584.9654,47.0756,304.5404
313000,1693.7413,51.9418,303.6683
314000,1685.1812,51.3759,303.1480
315000,1645.8031,49.7803,308.9154
316000,1557.4720,47.1258,305.9062
317000,1660.4300,52.1356,304.9392
318000,1737.1226,54.3124,307.8467
319000,1511.6728,44.9861,306.5157
320000,1711.7655,53.2062,309.2575
321000,1800.0195,57.4685,302.0034
322000,1678.8316,52.6883,303.9595
323000,1615.1461,49.9832,312.5148
324000,1781.5496,56.6418,308.6150
325000,1657.7876,50.6749,300.8645
326000,1769.0934,55.8254,307.3841
327000,1745.8159,54.7641,303.1846
328000,1648.5194,51.8583,300.8569
329000,1778.2627,56.4933,304.6623
330000,1718.6309,52.9085,303.1740
331000,1688.7472,53.9909,302.5600
332000,1713.0325,52.8707,302.2489
333000,1745.9635,54.4193,300.7043
334000,1635.5653,49.8126,300.6968
335000,1663.8076,51.0457,300.7702
336000,1674.3689,51.0290,302.1275
337000,1767.6626,55.3347,302.3371
338000,1704.8366,52.4699,303.7465
339000,1599.0152,51.6506,302.9410
340000,1680.3709,51.7707,295.9531
341000,1253.6275,31.5185,304.0668
342000,1759.3177,54.8997,298.7752
343000,1841.3541,59.0297,300.5529
344000,1730.8181,53.7522,300.5806
345000,1795.4179,56.7600,298.7158
346000,1607.7621,51.6781,298.9316
347000,1761.7710,55.1398,300.5808
348000,1729.1347,53.7680,305.6844
349000,1807.4727,57.5402,300.9062
350000,1703.4845,52.2430,299.1709
351000,1706.5210,52.9997,302.7606
352000,1748.5491,54.4750,298.9675
353000,1787.4016,56.4197,299.6896
354000,1786.5387,56.5694,306.4044
355000,1841.1174,59.1637,302.9445
356000,1763.6046,56.0258,300.5254
357000,1803.6539,58.0198,303.9503
358000,1770.9430,55.6639,301.1238
359000,1858.4985,60.3839,301.6330
360000,1819.1701,58.2600,301.1158
361000,1747.0325,54.6434,300.0725
362000,1627.2602,51.8249,297.7533
363000,1846.1958,59.3112,295.2744
364000,1847.6519,59.8458,303.0761
365000,1829.6206,58.4227,296.8596
366000,1825.1228,58.3576,300.2694
367000,1831.5279,59.5360,301.2483
368000,1802.5570,57.2256,301.9108
369000,1745.7829,56.3669,300.8394
370000,1876.8726,60.9732,301.6009
371000,1819.1066,57.9208,299.1597
372000,1857.7335,60.3000,296.4210
373000,1779.7378,57.3689,302.2790
374000,1795.0775,57.6610,296.5940
375000,1932.5498,63.5236,298.5070
376000,1850.8218,59.6024,296.6230
377000,1779.1087,56.2116,301.6800
378000,1855.5531,59.6101,299.3207
379000,1759.9978,55.3425,300.1702
380000,1898.8676,61.8555,296.6493
381000,1843.5185,60.4718,296.0560
382000,1954.4715,64.5587,296.9911
383000,1878.8620,60.6875,297.1214
384000,1301.6657,33.9761,296.5952
385000,1806.6480,56.8966,296.1504
386000,1801.6574,58.7020,297.5260
387000,1801.4967,58.5214,298.0293
388000,1856.5179,59.9785,298.5852
389000,1375.9453,36.8905,299.1583
390000,1960.6291,64.9713,304.2951
391000,1892.2507,61.8526,298.6231
392000,1884.0363,61.3415,301.1329
393000,1611.2786,51.2687,297.2903
394000,1967.7923,65.3939,300.3005
395000,1923.1679,63.5012,300.3208
396000,1850.3006,60.9065,303.1359
397000,1993.2601,66.4559,298.5959
398000,1700.4921,54.2206,300.7143
399000,1965.9653,64.9896,297.8823
400000,2013.5589,67.3826,293.3192
401000,1888.9620,61.2679,299.7940
402000,1930.1136,63.1716,297.7851
403000,1886.0830,61.5295,301.3780
404000,1942.1176,64.2508,300.0705
405000,1989.6855,65.9959,293.4512
406000,1958.2469,65.7454,293.3089
407000,1885.8364,62.0299,295.7631
408000,1968.4846,66.2742,301.1588
409000,1984.9442,66.0345,296.1080
410000,1962.9296,65.3172,298.9329
411000,1992.5251,66.6299,299.3323
412000,1943.0047,64.3181,301.5456
413000,2018.7861,68.0067,294.0323
414000,1946.1614,64.1413,294.9211
415000,1983.7201,66.6871,298.1192
416000,1935.2133,64.6757,293.6541
417000,1951.5764,65.4541,293.5099
418000,2013.1843,68.0190,300.6937
419000,1869.2703,60.6057,297.3340
420000,1951.3293,64.6054,295.9460
421000,1933.5566,64.7989,298.0458
422000,1892.5332,63.3798,300.7413
423000,1964.8842,66.0345,299.8301
424000,1922.2661,63.0004,298.7942
425000,2056.6106,69.8617,300.4969
426000,2007.3655,67.6526,297.5809
427000,1897.7154,63.4749,293.4782
428000,1951.0046,65.5558,293.9077
429000,1947.8283,65.8314,290.0475
430000,1965.2096,66.6764,293.5011
431000,1904.2179,63.2218,294.7051
432000,1987.1943,66.9333,291.4143
433000,1830.0880,61.5877,296.8141
434000,2082.0477,70.8116,296.1242
435000,2019.0552,67.7881,295.0008
436000,2052.2272,68.6734,288.7713
437000,2041.4394,69.4406,297.4185
438000,2047.5419,68.9846,295.9647
439000,2030.2299,68.4717,298.2929
440000,2082.2578,71.0273,294.6213
441000,2004.3084,67.4178,296.6663
442000,2009.6821,68.2164,296.9142
443000,2091.8618,71.3416,298.7900
444000,2179.6542,75.4014,298.7977
445000,1481.5782,41.5038,295.9977
446000,1972.8869,65.8763,295.2897
447000,2016.4286,67.2206,294.9705
448000,2033.3547,68.5123,293.9769
449000,2021.2260,67.8101,292.4335
450000,2031.5369,68.1318,294.5001
451000,2017.2605,67.6786,292.6484
452000,2087.2099,70.6962,291.4093
453000,2130.7788,73.1049,294.2963
454000,2117.4745,73.0090,293.1617
455000,2080.2148,70.4921,291.9815
456000,2158.7376,74.3777,291.2448
457000,2077.0751,70.1395,288.7825
458000,2126.8068,73.0510,286.7199
459000,2098.2994,71.3401,291.7400
460000,2163.9282,74.4065,290.9620
461000,2101.2527,71.8489,292.9330
462000,1913.2758,64.5753,293.2302
463000,2054.4442,69.0730,290.2983
464000,2098.9252,72.0894,295.2865
465000,2051.2399,69.4106,292.6467
466000,2160.8876,74.3213,289.3557
467000,1926.5457,64.8982,295.2152
468000,2080.8181,71.5688,295.0939
469000,2117.0978,72.4460,295.5559
470000,2181.4490,75.7736,297.1578
471000,2090.0240,71.0249,289.5254
472000,2119.8699,72.6211,292.6581
473000,2115.9153,72.5450,295.2456
474000,2101.3501,71.5373,292.6460
475000,2088.3879,70.9473,289.7298
476000,2201.9169,76.1515,289.0223
477000,2158.3547,74.5746,292.8229
478000,2040.9617,69.1477,291.6173
479000,2155.3973,74.2683,292.5980
480000,2154.4394,74.1368,292.9545
481000,2182.5055,75.7369,294.8520
482000,2091.5289,71.1350,294.7859
483000,2136.1457,73.4318,293.4005
484000,2064.6252,71.0561,292.9229
485000,2008.3341,69.4883,287.8423
486000,2198.2672,76.2469,292.7709
487000,1922.3176,66.3756,293.6486
488000,2138.6922,73.3704,292.1086
489000,1997.8582,68.3038,289.1375
490000,2079.2552,71.1773,289.0634
491000,2150.1701,74.1974,295.1667
492000,2167.4184,75.2747,291.3824
493000,2222.7316,77.6245,293.3642
494000,2185.8758,75.7807,294.4305
495000,2158.1963,74.6291,286.4462
496000,2211.1870,77.0087,293.7808
497000,1936.7862,66.1921,288.2731
498000,2180.6180,75.4917,294.8638
499000,2239.1040,78.3461,292.9082
500000,2033.9552,69.7857,293.7922
501000,2157.3961,74.3856,292.4896
502000,2221.8816,77.6969,285.6658
503000,2104.0685,73.6991,290.8080
504000,2196.7639,76.6252,289.9598
505000,2174.6252,75.4746,293.5239
506000,2145.4486,74.5355,291.6149
507000,2126.1271,73.1905,296.4568
508000,2228.2669,77.9680,297.0174
509000,2291.6769,81.0098,292.6958
510000,2148.7466,73.6486,289.3993
511000,2189.4833,75.8654,288.7196
512000,2140.1443,74.9010,289.9140
513000,2042.8635,70.0139,285.1909
514000,2322.4088,82.1389,287.8570
515000,2210.7586,77.2720,287.4565
516000,2296.8966,81.2233,288.9909
517000,2149.0454,74.4448,289.4899
518000,2222.7242,77.6101,286.8547
519000,2208.9531,76.8290,289.5644
520000,2256.8148,79.3895,292.0417
521000,2202.9974,76.5241,287.9310
522000,2284.3512,80.3083,286.4381
523000,2222.7306,77.4764,290.3794
524000,2215.1667,77.1127,288.9347
525000,2265.6337,79.2859,283.8753
526000,2196.7022,77.6195,288.8904
527000,2236.4892,78.1604,286.6072
528000,2256.0704,79.0620,287.4637
529000,2160.8522,75.8026,287.3905
530000,2235.1862,78.0376,288.4730
531000,2192.3786,76.9466,290.6185
532000,2215.7234,77.2703,289.8295
533000,2291.7916,81.1663,292.7479
534000,2267.2107,79.6278,286.2007
535000,2245.0989,78.5298,290.0308
536000,2311.3045,81.9235,289.9712
537000,2195.1100,76.0068,292.1443
538000,2231.4553,78.2764,288.0987
539000,2234.4609,78.2608,291.2119
540000,2243.6560,78.5743,290.5807
541000,2229.2715,77.7834,290.3359
542000,2322.4655,82.3360,288.5015
543000,2270.8336,80.4616,287.4419
544000,2222.5506,78.1782,296.5488
545000,2259.7196,79.4123,293.5632
546000,2153.7975,74.5475,298.4540
547000,2280.6811,80.5097,293.2586
548000,2193.3887,76.4810,295.4474
549000,2252.6633,79.2213,296.2683
550000,2271.2864,80.1990,294.0862
551000,2191.6265,76.9984,299.4595
552000,2289.1226,80.7851,292.4791
553000,2127.6067,74.7453,291.0621
554000,2242.5278,79.1980,296.2901
555000,2348.8601,84.0325,295.3260
556000,2261.1620,79.8707,294.6287
557000,2308.9503,82.0190,293.4604
558000,2215.1517,77.6446,298.6213
559000,2132.2078,74.0370,293.9252
560000,2302.0021,81.6060,290.7920
561000,2185.7444,76.0894,293.4495
562000,2270.3946,80.0659,296.6852
563000,2346.1843,83.8680,296.0493
564000,2249.0501,78.8704,294.1375
565000,2307.2798,81.9494,294.0197
566000,2227.4277,78.5633,299.2972
567000,2343.9568,83.7291,297.0004
568000,2272.8929,80.2954,298.0049
569000,2259.5302,79.8260,297.7508
570000,2273.0475,81.0915,297.4657
571000,2269.7829,80.6835,301.7515
572000,2239.7920,78.6621,298.0396
573000,2275.2442,80.5177,293.3106
574000,2259.3476,80.4662,297.0450
575000,2266.9147,79.9957,297.4191
576000,2286.5735,80.9532,299.6180
577000,2187.8205,77.3016,292.0519
578000,2041.4071,71.7809,294.3495
579000,2244.5676,79.2482,296.2126
580000,2290.6715,81.3302,292.9660
581000,2261.2471,80.6202,296.1109
582000,2354.9338,84.4306,296.4532
583000,2331.5262,83.4075,297.1728
584000,2342.4255,83.7600,299.8309
585000,2070.6250,72.5369,304.3649
586000,2314.3591,82.3223,300.5911
587000,2279.5014,80.6842,303.1496
588000,2264.6625,80.2849,306.2048
589000,2153.9151,77.0886,302.1934
590000,2272.3049,80.5818,303.1293
591000,2335.2410,83.7940,302.5721
592000,2204.2103,78.0934,304.3803
593000,2305.5268,82.3693,305.0154
594000,2279.9951,81.0898,301.9303
595000,2373.8255,85.4619,299.9432
596000,2361.7550,84.8294,301.0521
597000,2400.4633,86.5343,299.1048
598000,2256.4149,80.3538,306.0421
599000,2255.1068,79.6957,300.6035
600000,2329.5771,83.1537,301.5519
601000,2222.2621,79.5024,300.5656
602000,2341.7028,84.6858,302.4679
603000,2279.8172,81.5705,297.9896
604000,2302.5207,82.3829,304.3085
605000,2285.7810,81.0309,302.2966
606000,2250.4640,80.3245,303.9169
607000,2242.5355,80.1253,301.9784
608000,2328.0872,83.1092,300.5371
609000,2348.3086,84.9095,303.0917
610000,2314.1737,82.4738,299.5947
611000,2316.9905,82.9811,303.1412
612000,2357.1488,85.1368,304.5474
613000,1391.1919,41.1068,301.5287
614000,2385.4975,86.2885,303.2426
615000,2292.4915,81.6443,303.8594
616000,2346.6964,84.4705,305.9622
617000,2344.6594,84.4784,305.4707
618000,2362.4880,85.7763,302.7212
619000,2115.5041,76.2404,303.9530
620000,2309.5546,82.7628,306.5370
621000,2333.3358,84.0967,304.2269
622000,2359.8616,85.5500,306.2724
623000,2353.2368,84.6011,302.0655
624000,2312.9370,83.2230,307.5837
625000,2325.3793,84.1555,304.2089
626000,2369.1920,85.3831,303.5914
627000,2292.2850,81.7811,303.8132
628000,2199.5306,78.7146,299.4140
629000,2281.8338,81.3137,301.1207
630000,2193.1682,78.5489,304.4229
631000,2291.0191,81.3062,299.9966
632000,2420.8617,88.0289,303.7330
633000,2432.8924,88.4251,301.6831
634000,2327.3963,83.7132,305.4481
635000,2339.3783,84.2158,300.7333
636000,2360.1392,85.5354,304.2313
637000,2388.6383,86.4823,300.7791
638000,2319.0281,83.3961,305.2759
639000,2355.5058,84.9566,307.1913
640000,2302.1952,82.1888,298.5994
641000,2371.4737,85.7993,304.9552
642000,2346.3994,84.2850,303.6900
643000,2356.2406,85.0923,301.5846
644000,2359.4331,84.9035,299.0031
645000,2377.4239,85.6210,299.5326
646000,2424.4000,87.9926,301.1042
647000,2353.8756,84.8386,305.1645
648000,2313.1335,83.8000,305.8657
649000,2219.7315,79.2986,303.2981
650000,2379.3874,86.0042,303.6495
651000,2225.4316,80.7052,298.0654
652000,2351.4811,84.5157,305.7560
653000,2367.1271,85.3421,305.1669
654000,2308.0491,82.6389,298.9650
655000,2381.8266,86.1331,301.3590
656000,2301.8101,83.1894,302.3268
657000,2329.2920,83.4226,304.3870
658000,2298.1160,82.3555,301.3491
659000,2375.5020,85.7331,302.8324
660000,2411.7432,87.2205,299.3098
661000,2428.9664,88.5251,302.4853
662000,2386.3904,86.1436,300.7708
663000,2392.9158,86.4298,299.1972
664000,2389.6178,86.2377,301.7198
665000,2385.6343,86.0605,299.9104
666000,2354.4677,85.0971,298.1227
667000,2382.5042,85.9393,304.9370
668000,2389.3852,86.7115,302.1650
669000,2371.8506,85.5118,301.7046
670000,2304.7019,82.9408,304.4161
671000,2263.3052,81.3341,301.4569
672000,2378.3629,85.7948,302.1613
673000,2408.4150,87.2114,299.2802
674000,2420.6395,88.0477,299.1419
675000,2359.9383,86.2345,301.1476
676000,2386.5152,86.2568,303.2409
677000,2323.2142,83.7982,303.0257
678000,2438.9044,88.7997,302.7832
679000,2347.0763,84.1844,302.7078
680000,2352.6504,84.4507,301.7552
681000,2350.6882,84.8999,301.2184
682000,1464.3472,41.6672,303.1339
683000,2307.7972,83.5052,302.9775
684000,2417.1153,87.8964,300.0446
685000,2372.6514,86.8156,304.4275
686000,2380.8685,85.9207,300.8206
687000,2424.3333,87.7964,299.8449
688000,2328.0636,84.2864,296.5869
689000,2320.5713,83.7510,303.0833
690000,2314.1890,82.9770,302.8664
691000,2286.2106,81.0626,303.9790
692000,2364.7377,85.4883,305.4741
693000,1571.6543,45.9087,303.0433
694000,2436.5586,88.7658,304.3428
695000,2409.7567,87.4710,303.0105
696000,2395.6823,86.6993,302.6512
697000,2442.0083,89.1128,306.1441
698000,2422.3648,88.1911,306.1529
699000,2245.3780,81.7109,309.1442
700000,2390.4341,86.8512,308.3135
701000,2421.2190,88.4578,306.9024
702000,2403.0457,87.2757,307.9763
703000,2408.7677,87.6206,307.2696
704000,2418.9877,88.0379,305.9059
705000,2395.9426,86.9619,305.6894
706000,2385.5618,86.5019,309.4861
707000,2341.5150,83.9736,303.7075
708000,2365.0721,85.5796,305.4166
709000,2435.2335,88.7464,303.1856
710000,2403.6507,87.4226,304.4851
711000,2302.1773,83.1100,303.0233
712000,2350.2253,85.3434,302.4172
713000,2258.7614,80.4775,305.2826
714000,2465.9620,90.4157,299.4255
715000,2412.1742,87.6249,299.6449
716000,2464.5864,90.0210,301.6469
717000,2457.6919,90.0225,302.2810
718000,2354.3732,85.4329,303.9051
719000,2445.0589,89.0492,302.4931
720000,2393.8496,87.1483,304.2394
721000,2441.8996,89.1552,298.3579
722000,2353.4074,84.7870,302.5057
723000,2457.7218,89.7583,302.7355
724000,2370.5297,86.0091,302.2234
725000,2409.6464,87.6470,301.2790
726000,2248.6559,81.3981,304.7134
727000,2445.3119,89.4365,304.6743
728000,2431.4199,88.7693,304.6467
729000,2386.9468,87.1127,308.3798
730000,2377.9747,86.0889,302.4097
731000,2375.3482,85.7908,303.9852
732000,2412.3412,87.5205,302.1168
733000,2414.3596,87.6545,301.1148
734000,2395.5896,86.8837,303.3931
735000,2474.5370,90.5317,301.4262
736000,2401.8619,87.2961,303.3833
737000,2388.8272,86.7491,301.0728
738000,2395.4751,86.6443,302.0317
739000,2352.6765,84.8675,304.1803
740000,2373.2404,85.8770,304.3826
741000,2394.1588,86.8139,302.7789
742000,2340.0824,84.3336,303.9245
743000,2357.4676,85.0818,302.4322
744000,2365.0324,85.6529,307.6139
745000,2395.9303,86.8332,300.4657
746000,2377.3030,85.8724,300.8479
747000,2145.8773,76.3726,300.3588
748000,2471.9143,90.3012,299.0149
749000,2329.0245,84.3672,301.7939
750000,2380.0878,85.9584,300.6532
751000,2445.9021,89.2045,299.9663
752000,2368.3668,85.3472,300.1560
753000,2380.6344,86.1056,297.2983
754000,2372.1134,85.8574,301.0871
755000,2414.4896,87.6095,302.9401
756000,2402.6893,87.4421,298.7745
757000,2431.6511,88.4701,300.2216
758000,2475.4254,90.7436,299.5397
759000,2459.4151,89.6555,297.6900
760000,2463.3329,90.1208,298.2506
761000,2478.8343,90.6181,295.4632
762000,2416.4179,87.5011,299.2438
763000,2421.2819,87.7321,292.7032
764000,2418.2450,87.3804,292.8450
765000,1261.0713,35.7368,288.2862
766000,2385.1000,86.1967,299.5651
767000,2270.8976,81.3155,301.2286
768000,2346.4243,84.1072,299.4472
769000,2333.4605,84.4101,300.9090
770000,2344.5908,84.4806,300.9154
771000,2260.9448,80.2209,299.3637
772000,2401.4372,86.9987,300.4866
773000,2388.4384,86.1702,299.6000
774000,2430.1517,88.5254,301.1682
775000,2420.2210,87.7171,300.0522
776000,2347.6041,84.0968,297.1600
777000,2351.8297,84.8202,296.4087
778000,2418.8769,87.5957,295.7663
779000,2424.2628,88.1900,293.2655
780000,2385.9600,86.1876,300.3872
781000,2446.3496,88.7945,293.7514
782000,2509.6114,92.3495,299.7621
783000,2407.7999,87.2701,296.7367
784000,2416.3130,87.6638,297.5641
785000,2411.9505,87.4939,296.5236
786000,2459.1986,89.3656,290.1741
787000,2398.0784,87.2306,291.5619
788000,2149.1410,77.4376,290.8783
789000,2454.4137,89.1599,289.7677
790000,2395.4077,86.3860,295.6427
791000,2461.3908,89.6147,293.8371
792000,2459.8893,89.6359,291.1577
793000,2381.2848,85.8402,293.1283
794000,2453.7144,89.1610,295.2652
795000,2479.7293,90.3998,290.3644
796000,2423.9069,87.7345,292.1737
797000,2429.0818,88.1585,293.6184
798000,2462.8429,89.5780,292.7597
799000,2425.3802,87.7581,293.4125
800000,2376.1386,85.3314,293.9233
801000,2309.8565,83.9324,288.2995
802000,2330.3470,84.0525,288.5210
803000,2374.6390,85.3706,292.5687
804000,2369.6760,84.8684,289.7880
805000,2419.1885,87.7047,290.8898
806000,2438.7579,88.5415,289.7299
807000,2375.1202,85.2277,290.5022
808000,2443.7505,88.9996,285.7242
809000,2458.6607,89.4357,289.8907
810000,2416.8062,87.4277,290.1402
811000,2365.6774,85.6997,287.9506
812000,2436.0848,88.6004,291.1863
813000,2380.8188,85.4145,287.8783
814000,2362.9167,84.8704,290.9154
815000,2000.7483,71.8527,285.7620
816000,2487.6229,90.7446,293.0471
817000,2340.0392,84.6142,290.2938
818000,2466.5995,89.3322,286.9592
819000,2439.1339,88.6615,287.6524
820000,2445.8905,88.4758,286.7064
821000,2427.8251,87.4797,289.8815
822000,2446.5438,88.6473,289.5200
823000,2455.1031,89.2664,291.3064
824000,2444.9385,88.7496,293.3221
825000,2480.5331,90.3078,288.1910
826000,2450.1570,88.8257,285.7969
827000,2403.8794,86.2184,284.7007
828000,2439.6539,88.2826,288.3304
829000,2427.3780,87.4879,285.0581
830000,2418.9930,86.9533,284.4340
831000,2517.0403,92.0695,282.7562
832000,2458.5715,88.8964,284.1815
833000,2356.0899,85.0179,284.0678
834000,2458.4928,88.6472,284.1571
835000,2326.3996,83.9776,286.1497
836000,2504.2453,91.2899,285.6944
837000,2484.0059,90.3786,287.4232
838000,2503.8296,91.1990,283.7134
839000,2469.7826,89.8621,285.0486
840000,2452.2460,88.8711,284.8674
841000,2405.1825,89.0742,282.8995
842000,2429.0946,88.1544,282.7990
843000,2407.8861,87.4169,282.0859
844000,2478.2197,90.1507,282.9600
845000,2458.7479,89.1087,286.0950
846000,2428.7109,87.5445,286.4185
847000,2504.3697,91.2102,285.4628
848000,2354.2085,85.1257,283.2336
849000,2439.7336,88.8102,288.1991
850000,2465.3935,89.6355,285.4393
851000,2435.6123,88.3068,288.6546
852000,2418.9121,86.9438,285.3443
853000,2520.3711,91.8565,284.1504
854000,2543.1001,93.1084,286.2496
855000,2392.6531,86.1952,285.1618
856000,2430.4147,87.7958,287.7759
857000,2435.9980,88.2313,287.5034
858000,2469.9566,89.6915,290.4748
859000,2456.5840,89.2015,288.5768
860000,2482.3013,90.3306,289.0991
861000,2389.5816,86.2147,287.0446
862000,2416.8781,87.6025,286.1299
863000,2038.6557,73.9210,284.7001
864000,2502.2416,91.2181,285.4851
865000,2520.2434,92.0067,287.5084
866000,2534.5616,93.0812,288.7440
867000,2479.6627,90.7435,287.5012
868000,2526.9144,92.3300,285.8582
869000,2325.1971,85.1549,277.0304
870000,2451.4614,89.0090,284.1541
871000,2485.8948,90.5978,285.1944
872000,2492.5928,91.0322,287.3958
873000,2520.3527,92.4553,283.9504
874000,2442.9651,88.7836,283.3580
875000,2497.8839,90.7787,283.5882
876000,2517.0677,91.6216,282.8949
877000,2488.8103,90.5706,286.5013
878000,2425.0557,88.2018,284.9071
879000,2462.6822,89.5840,288.1605
880000,2487.8952,90.8228,287.1550
881000,2420.7355,87.7487,288.3319
882000,2487.2998,90.4999,286.6626
883000,2468.1662,90.5595,288.1113
884000,2501.1062,91.4778,285.7327
885000,2488.2048,90.4869,285.4205
886000,1632.0511,47.4432,267.3363
887000,2525.5149,92.9970,284.6999
888000,2395.4740,86.1951,285.5370
889000,2121.9174,77.0835,284.1520
890000,2438.6983,88.9083,287.9756
891000,2521.4776,92.4046,288.1378
892000,2442.7905,88.2147,285.5983
893000,2367.1979,86.9627,288.2340
894000,2485.1326,90.2609,285.4930
895000,2429.5774,87.9028,283.2345
896000,2448.0811,88.3463,286.8461
897000,2506.3589,91.4490,283.9610
898000,2439.3562,88.3777,285.1621
899000,2365.8028,85.6068,280.5047
900000,2486.7256,90.7291,286.3959
901000,2519.0992,91.7675,280.2306
902000,2500.3845,91.1900,284.8194
903000,2477.8528,89.8676,283.4794
904000,2488.8239,90.6726,286.1795
905000,2478.3439,90.2830,287.6644
906000,2491.6978,90.7677,287.0736
907000,2242.3456,82.4310,284.8973
908000,2498.9548,91.2849,290.3253
909000,2487.0096,90.6913,289.7477
910000,2469.2152,89.8401,290.6595
911000,2404.7331,88.0680,291.8845
912000,2490.3653,90.9781,291.3244
913000,2515.1042,92.3034,291.2797
914000,2337.1868,85.5940,282.4043
915000,2400.2507,88.0798,283.1544
916000,2490.9457,90.5563,286.1069
917000,2177.0660,79.3168,283.2319
918000,2498.5886,91.2540,285.4014
919000,2384.9834,86.5455,286.2937
920000,2483.6346,90.5932,287.3284
921000,2482.6197,90.5207,285.3156
922000,2377.8462,86.6297,283.4505
923000,2496.1384,91.1404,287.8177
924000,2511.4029,91.8729,284.5926
925000,2498.1214,91.0526,286.6559
926000,2207.2353,80.5559,283.9379
927000,2510.9092,91.6517,285.9449
928000,2509.0071,91.3370,284.3504
929000,2342.0148,85.9568,285.2683
930000,2471.2562,89.8924,286.4935
931000,2370.3674,86.5942,288.4369
932000,2519.9973,92.3320,286.0398
933000,2561.9965,94.0688,287.2698
934000,2441.0556,88.6757,287.2967
935000,2556.8413,94.3222,288.2076
936000,2504.6313,92.0027,287.3575
937000,2493.6686,91.0733,288.8273
938000,2547.7901,93.6633,289.7363
939000,2458.0534,89.3683,289.4568
940000,2436.5605,88.1530,292.0151
941000,2295.1350,83.7679,289.2083
942000,2503.6234,91.8572,289.9768
943000,2385.1989,87.5787,289.6541
944000,2480.8320,90.9147,291.3480
945000,2496.6469,90.9828,288.7150
946000,2381.4295,87.2066,289.2488
947000,2112.1458,77.0214,285.6587
948000,2484.9577,90.7507,292.4099
949000,2440.8903,88.4492,289.3888
950000,2523.9802,93.2703,290.6221
951000,2439.4554,88.6641,292.3730
952000,2363.6218,86.2825,291.5225
953000,2490.1001,91.5519,289.0777
954000,2514.7435,92.1902,289.3761
955000,2425.4139,87.9085,288.6313
956000,2472.2603,90.7685,289.6918
957000,2507.1201,91.4128,286.9357
958000,2474.2633,90.0423,286.9797
959000,2485.9022,90.8194,287.2668
960000,2267.9627,82.7785,286.2584
961000,2483.4038,90.3949,288.0356
962000,2480.5827,90.1959,285.9479
963000,2544.3200,93.4328,289.7388
964000,2496.6699,91.4546,286.4747
965000,2445.6185,88.7624,291.3638
966000,2480.1517,90.2276,288.4725
967000,2480.4470,90.2660,282.7616
968000,2448.3240,88.7913,290.0496
969000,2502.2116,91.5558,287.6803
970000,2424.5609,89.1970,283.3700
971000,2426.7496,87.3935,284.6999
972000,1083.0745,27.2081,261.9681
973000,2511.6737,92.1645,285.1616
974000,2468.9981,89.5216,283.2816
975000,2505.9801,91.3748,282.8720
976000,2432.4455,87.5653,282.4102
977000,2428.6860,87.8369,285.7640
978000,2421.2206,87.3075,282.2675
979000,2469.0711,89.5615,285.2604
980000,2213.0554,79.5606,282.5643
981000,2439.4361,87.9917,279.9078
982000,2403.7236,85.9835,278.1496
983000,2459.3498,89.0883,284.3730
984000,2463.3457,89.1524,280.5477
985000,2444.8133,87.8808,278.7760
986000,2475.1325,89.4121,278.0623
987000,2499.4240,90.8016,278.4690
988000,2217.6309,81.6932,272.2043
989000,2460.4891,88.5597,277.2402
990000,2414.8253,86.7300,277.0564
991000,2526.0850,91.9583,276.1288
992000,2487.7378,90.6677,279.8076
993000,2360.5839,86.0517,279.9482
994000,2563.5586,93.8071,279.1827
995000,2358.8933,85.5630,274.7030
996000,2503.4735,90.9901,278.9070
997000,2471.8865,89.6474,280.1598
998000,2534.6408,93.1670,279.5155
999000,2553.3465,93.6155,279.5802
1000000,2456.8211,89.5749,281.6212
1001000,2537.7255,92.6624,281.8212
