timestep,reward,distance,control_cost
1000,-282.1238,1.5813,312.9099
2000,-407.8629,-4.8660,310.7055
3000,-387.8754,-4.0513,306.6111
4000,-294.8602,0.6737,309.9235
5000,-382.9256,-3.6113,310.7912
6000,-373.5907,-3.0916,309.8629
7000,-211.3151,4.8817,310.4011
8000,-308.2324,-0.1719,304.5556
9000,-270.7040,1.7840,306.9047
10000,-374.2594,-3.1648,311.8112
11000,-359.1655,-2.4769,308.6071
12000,-224.7964,4.0790,306.4552
13000,-298.5522,0.3969,306.2561
14000,-311.1958,-0.2554,305.9745
15000,-341.9245,-1.6906,307.7941
16000,-317.1162,-0.9452,298.5967
17000,-401.3066,-4.7968,306.4184
18000,-354.6515,-1.9007,315.1899
19000,-338.0450,-1.8234,303.1382
20000,-336.3221,-1.3643,308.8051
21000,-309.8315,0.0907,310.9910
22000,-229.1997,3.7733,306.6143
23000,-327.9396,-1.0500,305.8140
24000,-362.8435,-3.3225,298.1367
25000,-310.0070,-0.1696,307.4636
26000,-357.0073,-2.2236,313.6013
27000,-264.4118,1.9706,304.5433
28000,-173.7519,6.8552,309.3371
29000,-231.1049,3.4846,300.5182
30000,-314.3249,-0.4200,306.5751
31000,-338.4163,-1.8080,304.1037
32000,-245.3070,2.8839,303.8776
33000,-219.7519,4.4640,308.0104
34000,-193.7141,5.3470,302.2504
35000,-225.6169,4.2768,309.8022
36000,-188.0181,5.7210,301.9628
37000,-316.1135,-0.4774,307.8943
38000,-274.4474,1.5536,304.5698
39000,-200.2560,4.8228,297.4549
40000,-293.2769,0.4352,302.2114
41000,-285.1770,1.0506,305.1331
42000,-265.4711,1.5942,298.1389
43000,-257.3264,2.2373,300.5488
44000,-275.0815,1.4871,305.3373
45000,-299.6161,0.3057,305.1572
46000,-227.1209,3.5936,299.4185
47000,-175.8306,6.4176,303.7959
48000,-212.4920,4.4473,299.7084
49000,-180.1539,6.0371,300.9275
50000,-152.5381,7.1241,294.4040
51000,-113.1947,9.0814,294.6636
52000,-176.7549,5.9884,296.5119
53000,-233.9744,3.4323,303.4873
54000,-168.4231,6.6092,301.0313
55000,-193.7947,4.9310,294.3268
56000,-159.1620,6.9709,299.9021
57000,-78.3995,11.1845,302.4081
58000,-287.2465,0.6862,301.3527
59000,-221.0723,4.1740,305.6796
60000,-239.0261,3.0624,300.0033
61000,-131.7754,8.6216,303.6215
62000,-168.3954,6.8355,306.5896
63000,-71.5358,11.5338,300.7414
64000,-91.8483,10.3532,298.4487
65000,-116.8613,9.3156,302.2949
66000,-57.2713,12.1678,299.7656
67000,-97.8789,10.0720,300.8148
68000,-63.9275,11.7411,299.7959
69000,-74.9954,11.3257,302.8191
70000,-22.1459,13.9599,302.8803
71000,-46.0166,12.8808,305.5328
72000,-9.6191,14.5276,299.3952
73000,-73.5385,11.6457,306.8476
74000,-30.2820,13.8565,307.0750
75000,-85.2460,11.2176,309.8587
76000,7.3600,15.8475,310.9903
77000,18.4811,16.2136,307.4838
78000,9.8834,16.0172,309.3095
79000,58.4891,18.3198,309.6887
80000,-4.1551,14.8479,302.9640
81000,87.6503,20.1168,313.8793
82000,50.0690,17.9626,310.6960
83000,48.6986,17.8440,307.7898
84000,75.6925,19.2793,310.2941
85000,131.7245,22.0589,307.9556
86000,81.4335,19.4162,308.1190
87000,91.6695,20.1683,311.3511
88000,-48.4367,12.5652,301.4187
89000,139.5544,22.4832,310.1547
90000,157.1586,23.7063,315.7185
91000,217.9528,26.7160,314.6976
92000,149.8803,23.1924,312.8245
93000,95.1379,20.3703,313.0796
94000,182.2522,24.6480,311.0902
95000,100.8934,20.6837,311.8913
96000,195.8152,25.1288,308.2491
97000,175.7788,24.3560,311.5878
98000,172.6132,24.4127,315.8963
99000,214.7552,26.1371,306.3480
100000,218.9292,26.7371,315.7326
101000,140.0806,22.8429,317.8994
102000,265.5157,28.8214,310.5286
103000,123.8858,22.0201,315.6767
104000,5.1621,15.8870,313.1738
105000,284.5692,29.9685,312.9470
106000,209.2681,26.2298,316.1432
107000,256.8916,28.3288,307.7172
108000,323.7785,31.8814,312.9019
109000,224.2670,26.4378,306.3464
110000,254.8958,28.3687,314.4395
111000,280.7332,29.7964,315.3548
112000,270.6062,29.1360,310.4346
113000,191.7832,24.9758,308.7152
114000,324.1947,31.4314,304.0097
115000,158.0818,23.0901,305.4470
116000,241.9977,27.3903,307.7093
117000,366.6648,33.7050,308.3218
118000,284.1697,30.0723,315.2906
119000,280.3939,29.3200,305.8112
120000,221.5143,26.4101,308.1560
121000,251.5968,28.1811,314.0159
122000,269.7644,28.9263,310.1490
123000,259.8070,28.3242,307.4301
124000,333.0087,32.1493,311.2599
125000,331.2791,32.4026,316.6030
126000,258.5113,28.1320,304.4870
127000,335.2955,32.3732,314.0133
128000,357.6684,33.3424,309.1430
129000,341.5437,32.5546,310.2379
130000,308.4827,31.3169,318.1930
131000,436.5373,37.6876,316.5454
132000,282.3325,29.6155,309.8204
133000,434.7329,37.4098,312.2005
134000,356.3527,33.2804,310.0440
135000,265.2177,28.7620,311.9204
136000,289.9499,30.2314,315.2286
137000,331.6194,32.4226,315.5215
138000,365.1901,33.8745,313.7864
139000,379.6060,34.6498,312.9639
140000,310.0024,31.2403,316.2006
141000,332.9145,32.6537,318.8871
142000,366.4940,34.1130,316.9858
143000,401.3655,35.9218,316.3468
144000,341.3416,32.7233,311.8650
145000,400.1324,35.4372,309.9066
146000,410.4750,36.3877,318.4283
147000,419.9186,36.7720,313.8427
148000,424.2802,36.9546,314.6816
149000,359.2167,33.4531,311.7513
150000,322.2942,31.5212,309.0402
151000,265.2535,28.9573,315.1138
152000,440.0009,37.6467,314.2492
153000,423.0354,37.0908,319.7521
154000,368.4854,33.9316,310.6046
155000,492.3764,40.6819,320.0141
156000,472.3972,39.5434,317.0741
157000,473.3420,39.5499,316.4738
158000,405.8768,36.2029,319.1111
159000,508.4204,41.1080,313.0559
160000,325.2068,32.0132,315.8126
161000,474.5693,39.7098,318.5180
162000,485.0061,40.3270,320.8658
163000,487.9503,40.0975,315.8541
164000,449.3697,38.2004,313.5592
165000,306.0450,30.9822,313.2240
166000,486.0343,40.1522,317.2552
167000,509.3949,41.3245,315.6412
168000,389.0469,35.0097,310.4111
169000,508.5326,41.2519,315.1334
170000,424.7014,36.9767,313.3945
171000,397.7046,35.5519,312.6048
172000,427.4049,36.9548,312.8482
173000,331.3995,32.3330,314.5089
174000,440.3430,37.6454,311.7497
175000,388.6681,35.0059,309.6886
176000,462.6637,38.7224,310.9641
177000,466.5754,39.0326,314.2189
178000,441.9086,37.7082,310.4632
179000,387.2070,34.8957,309.6104
180000,461.8985,38.6905,312.7583
181000,329.8404,31.8521,306.4557
182000,450.9202,37.9944,308.8627
183000,445.1173,37.9313,311.8304
184000,469.1737,38.8764,309.4225
185000,474.3523,39.1611,309.5741
186000,399.3196,35.2531,306.6140
187000,427.0217,36.4505,302.2117
188000,502.0714,40.5157,309.4518
189000,501.9450,40.6288,309.6297
190000,137.5097,22.2108,308.3692
191000,468.0022,38.9391,311.9438
192000,492.9612,40.6692,320.0138
193000,472.9755,39.4615,317.4971
194000,438.9248,37.9332,319.7484
195000,544.5793,43.3048,319.5832
196000,617.6148,46.6040,313.4786
197000,442.9042,37.5792,308.9523
198000,470.1853,39.1094,313.1767
199000,543.3483,42.9400,313.9258
200000,539.4222,43.1018,321.2779
201000,532.9094,42.3358,315.4409
202000,571.0722,44.0621,312.0373
203000,579.5801,44.5350,311.8941
204000,535.6764,42.2277,310.8585
205000,599.3078,45.5634,312.6886
206000,508.8964,41.2899,315.9337
207000,605.6645,45.9846,312.8912
208000,577.9788,44.3101,307.8388
209000,565.3764,43.8318,312.4187
210000,475.2191,39.5877,315.0898
211000,570.7763,44.1813,314.4704
212000,622.6753,46.8063,312.0964
213000,582.3264,44.4978,309.5210
214000,565.0060,43.4419,303.1438
215000,560.2921,43.2982,306.1971
216000,634.0943,47.3716,313.1213
217000,548.1053,43.0573,311.8112
218000,509.3973,40.9419,310.7756
219000,672.3300,48.8579,306.2570
220000,574.8476,44.3309,310.0709
221000,576.0117,44.1088,307.4655
222000,628.1360,47.2393,315.8612
223000,593.2891,45.0180,308.1611
224000,557.6349,43.1634,303.8336
225000,610.0143,45.8145,307.6073
226000,716.3489,51.6302,316.2686
227000,606.9055,45.9909,310.9715
228000,639.2747,47.3463,307.0586
229000,725.1769,51.5608,306.2399
230000,644.6756,47.6247,308.2411
231000,667.9685,48.9094,309.0117
232000,713.4347,51.0083,307.6205
233000,662.0982,48.6122,309.1441
234000,724.4514,51.5416,306.2219
235000,432.2711,36.8113,305.9243
236000,659.0199,48.3908,310.7858
237000,667.9392,49.0696,313.6336
238000,679.9007,49.3217,308.2507
239000,633.2282,47.2290,311.2709
240000,777.8288,54.2690,306.7203
241000,556.8514,43.1073,306.6288
242000,694.2835,50.1144,306.8671
243000,721.7371,51.3323,306.8263
244000,552.3980,42.8587,305.5890
245000,752.4533,52.8587,304.7442
246000,727.0882,51.9154,312.8341
247000,747.1035,52.7377,307.0742
248000,653.1865,48.0859,308.9167
249000,634.5399,46.9447,304.9862
250000,473.8588,38.5036,297.6332
251000,794.5180,54.9451,305.5629
252000,744.8105,52.5647,306.5758
253000,712.0311,51.1448,311.3695
254000,692.8154,50.0099,308.2951
255000,689.2891,50.2444,314.0672
256000,763.0166,53.3798,304.5185
257000,672.8040,49.1016,310.4540
258000,748.1422,52.6908,306.3879
259000,670.7994,48.8566,306.4861
260000,779.4606,54.0221,299.9688
261000,732.3739,52.1296,308.9818
262000,790.7874,54.9672,309.8939
263000,680.8760,48.8738,297.6047
264000,716.9651,51.5413,313.8907
265000,715.8828,51.1845,309.4782
266000,766.7828,53.8937,312.8274
267000,732.0759,51.8307,304.1990
268000,840.9392,57.1881,304.7196
269000,731.7650,51.7593,304.3774
270000,806.2541,55.4952,304.2170
271000,790.6901,54.8861,306.2313
272000,554.3410,42.7454,299.7188
273000,643.6727,47.3359,303.4230
274000,699.0079,50.2255,306.9748
275000,739.3097,52.1290,304.7089
276000,804.8354,55.6647,308.5286
277000,860.0625,58.2505,306.4987
278000,443.7584,36.7627,289.9142
279000,741.3649,52.6152,311.6475
280000,721.8808,51.8679,314.4800
281000,803.5257,55.4963,307.0060
282000,694.1116,49.8321,303.4720
283000,788.9294,54.9751,310.0938
284000,852.2319,58.2225,311.0270
285000,868.6451,58.9387,309.7225
286000,523.5180,40.9035,296.5281
287000,816.2863,56.2266,306.3171
288000,911.5124,61.1421,313.2892
289000,765.0106,53.8574,311.7901
290000,719.7772,51.3373,308.1186
291000,833.2869,56.9755,307.3579
292000,894.7040,60.2799,310.9571
293000,766.7267,53.6325,306.2633
294000,844.3515,57.7358,309.5437
295000,786.1046,54.9821,311.7918
296000,883.0156,59.7434,310.3463
297000,831.6684,57.0031,307.0316
298000,775.7877,54.1407,305.6004
299000,821.6669,56.5790,311.6871
300000,860.9000,58.6595,310.8888
301000,941.9120,62.6011,312.0443
302000,912.3141,61.4463,315.7890
303000,937.9926,62.3313,310.3918
304000,921.4429,61.5933,311.8434
305000,897.9324,60.4503,309.7340
306000,758.3961,53.4340,310.4792
307000,890.9197,60.0615,310.9865
308000,939.3443,62.8551,316.3892
309000,981.4090,65.0163,317.4772
310000,951.2268,63.1789,311.4284
311000,738.7510,52.7097,314.1314
312000,952.4586,63.3877,315.1710
313000,867.5314,58.5214,304.0095
314000,724.3455,51.6491,307.7104
315000,869.4299,59.0468,310.6598
316000,957.4282,63.5474,312.7748
317000,947.0917,62.8216,310.5142
318000,978.4253,64.6868,316.1485
319000,960.0430,63.6220,313.8233
320000,840.7221,57.5876,311.4301
321000,957.3799,63.4296,310.5419
322000,954.5798,63.2967,312.3691
323000,1021.6491,66.4747,309.6857
324000,897.4942,60.6047,314.7924
325000,910.1855,61.1643,314.1989
326000,1016.0325,66.5452,315.7231
327000,879.2891,59.4936,312.4954
328000,1000.5942,65.9163,318.3681
329000,1019.3965,66.5941,312.4762
330000,1118.4236,71.5865,314.0637
331000,927.5553,62.1109,313.0066
332000,1039.7724,67.6142,311.6193
333000,999.6322,65.6144,313.9844
334000,767.9494,53.5622,301.4990
335000,997.1400,65.5739,312.8899
336000,975.3510,64.3040,311.9703
337000,947.2156,62.9686,312.7630
338000,1010.4155,66.0474,310.8833
339000,968.6945,63.8900,308.8021
340000,1068.0141,69.0442,311.2331
341000,906.5429,60.6196,307.6975
342000,1053.5303,68.0489,308.0708
343000,902.3155,60.6673,310.0398
344000,1092.3806,70.0969,308.8862
345000,1049.6323,68.1640,314.8065
346000,1008.7392,66.0737,310.7872
347000,1045.2548,67.7224,310.2941
348000,1084.2726,69.8305,312.6565
349000,1099.0435,70.7440,314.5377
350000,1084.1688,69.8293,313.5522
351000,1062.3416,68.6660,310.2642
352000,1092.2672,70.4737,316.6274
353000,1085.1371,69.9108,311.4850
354000,1091.8880,70.3360,314.7476
355000,897.6464,60.3419,310.1976
356000,1106.9136,70.9415,312.5408
357000,1116.6013,71.6428,315.1154
358000,1079.8002,69.6605,311.9113
359000,930.4127,61.8770,306.6825
360000,973.9945,63.9855,306.2867
361000,1082.1516,69.6805,312.4489
362000,1012.8390,65.9461,306.6435
363000,1077.3001,69.3639,309.1272
364000,777.6016,53.9935,302.7377
365000,1101.4989,70.6304,312.1501
366000,1128.1139,71.9825,312.0345
367000,1136.2016,72.3251,311.6387
368000,1116.7134,71.1384,305.8294
369000,832.4260,56.5465,299.9636
370000,972.3016,63.7063,303.6839
371000,1057.9549,68.2740,307.2896
372000,1104.4664,70.7606,312.2085
373000,1093.8169,70.1666,311.1325
374000,909.4480,60.6144,301.5543
375000,865.2234,58.3910,302.4135
376000,1149.3516,72.8672,306.7005
377000,1061.7407,68.4757,307.5104
378000,909.0833,60.6249,301.8842
379000,1129.8217,71.8116,307.3184
380000,1158.6577,73.1946,306.4010
381000,1132.4351,72.1756,309.4355
382000,1141.7180,72.6116,311.1240
383000,1162.7426,73.6710,309.1733
384000,1100.4226,70.1743,303.4222
385000,1107.5414,70.6938,306.8270
386000,931.9624,61.4228,295.7264
387000,1081.5780,69.1928,300.4139
388000,1117.4375,70.9929,301.4564
389000,1060.6029,68.2899,303.5820
390000,1119.7475,70.8972,298.8527
391000,1155.1924,72.8591,300.3485
392000,1160.0738,73.1014,300.0553
393000,1142.7729,72.1689,301.5694
394000,1148.5647,72.2413,298.1744
395000,1198.4470,74.8315,298.8378
396000,1091.4084,69.5912,300.0104
397000,1182.0533,73.9545,297.9241
398000,1059.5400,67.8190,298.6855
399000,1058.8684,67.9994,301.0629
400000,1085.7458,69.2237,297.9702
401000,1038.6079,66.3953,289.4544
402000,1139.8380,72.0865,300.1889
403000,1140.5443,71.9156,296.6146
404000,1148.9601,72.2761,297.9343
405000,1294.8726,79.4631,295.9036
406000,1102.6289,69.8600,293.1072
407000,1171.8328,73.6574,299.5043
408000,1046.1777,66.7671,288.6222
409000,1188.6290,74.2021,295.4216
410000,1191.7741,74.2684,292.7263
411000,1111.3771,70.0916,292.3882
412000,1237.3211,76.4956,292.9384
413000,1130.4287,71.3216,297.3466
414000,1167.7792,72.9780,291.8991
415000,1119.2556,70.8033,298.2024
416000,1045.4923,66.9265,292.1668
417000,1190.4402,74.4736,300.4467
418000,949.4557,61.8786,287.7179
419000,1156.6466,72.3797,290.8167
420000,1169.0686,73.1659,294.9772
421000,1230.4733,76.4460,298.3942
422000,1255.9381,77.6668,298.5467
423000,1236.9552,76.6430,297.3647
424000,1117.4570,70.6006,295.6149
425000,1181.2955,73.9306,295.8953
426000,1195.4223,74.7569,299.8228
427000,1276.6292,78.5575,295.4079
428000,1191.8509,74.2730,295.3545
429000,1213.2249,75.2828,294.0843
430000,1181.3712,74.0329,297.7860
431000,943.3477,61.8134,291.8502
432000,1209.4595,75.2404,296.0007
433000,1222.0813,75.8681,296.0143
434000,1322.5145,80.8985,296.0860
435000,1228.5020,76.1321,293.5529
436000,1161.8349,72.7202,294.4987
437000,1235.6523,76.7581,299.5051
438000,1274.0205,78.6679,299.1496
439000,1271.2382,78.4632,299.3439
440000,1155.5519,72.6853,297.8728
441000,1232.1801,76.6265,298.9568
442000,959.3514,62.5245,290.8912
443000,1075.1300,68.4851,292.6453
444000,1273.8965,78.4802,297.6090
445000,1073.4151,68.4792,296.2732
446000,1268.3126,78.2103,296.2311
447000,1167.1347,72.9902,292.5856
448000,1240.4298,76.9425,296.9293
449000,1318.5401,80.7505,296.3326
450000,1100.0351,69.4723,290.7041
451000,1257.6400,77.5617,294.6291
452000,1224.6675,75.8211,291.4694
453000,1199.5395,74.7929,294.3209
454000,1293.3688,79.2274,293.1576
455000,1203.2150,74.6314,290.2491
456000,1088.8493,68.5925,283.6726
457000,1154.7945,72.3492,291.4721
458000,1271.9642,78.2263,294.0577
459000,1266.5115,77.7383,288.4032
460000,1216.6623,75.2912,290.2482
461000,1258.6627,77.7364,294.4982
462000,1281.6691,78.5627,290.4252
463000,937.1200,61.4360,290.1123
464000,1259.2929,77.4433,291.3997
465000,1296.1141,79.4972,291.9667
466000,1128.7807,70.9442,291.5757
467000,1230.7991,76.0181,290.5115
468000,1186.7046,73.8653,290.2308
469000,1214.9623,75.2718,290.1657
470000,1014.7689,64.8129,283.3057
471000,1152.4924,71.9957,287.9058
472000,1202.0780,74.4039,285.5920
473000,1271.9430,78.0250,290.4014
474000,1241.1915,76.7253,291.3941
475000,1260.1163,77.6749,293.3915
476000,1070.1827,67.8945,285.7484
477000,826.1785,55.3387,281.0544
478000,1298.7638,79.4619,288.7937
479000,1257.0660,77.0990,286.4483
480000,1241.8498,76.6432,289.6346
481000,1286.0278,78.8400,292.1031
482000,1269.5140,77.9508,290.7591
483000,1258.1095,77.3095,288.5827
484000,1203.2045,74.5980,289.0522
485000,1122.2537,70.5579,290.1483
486000,1195.7089,74.1394,286.9841
487000,1114.5658,69.9239,285.6472
488000,1251.3094,76.8464,287.5790
489000,1270.7978,77.9132,288.0964
490000,1022.2680,65.3772,286.3425
491000,1253.3408,77.2756,290.9844
492000,1070.0769,67.7053,285.7697
493000,1301.7825,79.2971,285.9205
494000,1177.5714,73.2096,286.7750
495000,1344.7465,81.7918,291.8980
496000,1293.4930,79.1162,287.6280
497000,1224.2149,75.8186,291.1894
498000,1237.8004,76.2460,287.8851
499000,1313.6779,80.2471,290.8865
500000,1269.3391,77.8362,287.1388
501000,1031.7672,65.9108,285.0826
502000,1303.9108,79.7603,291.7787
503000,1244.8950,76.6960,287.9935
504000,1343.0221,81.6135,287.4912
505000,1132.8774,70.7781,284.6001
506000,1065.6348,67.4467,283.7471
507000,1191.3265,74.0026,288.7899
508000,1295.5766,79.1531,287.7441
509000,1165.8171,72.6659,285.6012
510000,1103.9087,69.4930,284.5451
511000,1346.3595,81.7887,290.3608
512000,1302.2565,79.4327,288.3366
513000,1221.8118,75.4438,287.4886
514000,1303.6191,79.8029,291.2618
515000,1355.3216,82.2270,290.7968
516000,1212.5787,75.1952,293.1456
517000,1247.9786,76.8363,286.9968
518000,1299.2259,79.5091,292.2721
519000,883.4741,57.8690,273.2310
520000,1189.5206,73.7978,286.2635
521000,1112.0591,69.9060,286.7403
522000,1213.8541,75.1169,286.5976
523000,1252.1745,77.0956,289.5945
524000,1354.2449,82.3271,291.0263
525000,1256.9495,77.1934,287.0501
526000,1031.4939,66.0155,288.3490
527000,1118.3238,70.2619,284.9908
528000,1313.6468,79.9960,287.9271
529000,1295.3669,79.0512,287.0737
530000,1233.5642,76.0275,285.5182
531000,1221.9889,75.2586,283.4520
532000,1225.9640,75.3516,279.6307
533000,1249.7707,76.5914,280.1772
534000,1291.9591,78.7342,283.8091
535000,1223.8848,75.4866,284.6623
536000,1237.3954,76.1534,285.4665
537000,1243.9082,76.4151,285.8186
538000,1254.6246,77.0898,287.3875
539000,1146.5982,71.3430,282.1132
540000,1259.6017,77.1696,282.3821
541000,1329.0737,80.8091,285.4696
542000,1312.9384,79.8808,283.8424
543000,1260.1771,77.2508,284.1279
544000,1276.3221,77.9861,283.3844
545000,1317.6764,80.0783,284.3206
546000,856.2574,56.7904,278.9677
547000,1149.7887,71.6223,281.3782
548000,1298.5968,79.0658,281.6985
549000,1321.9632,80.3284,284.0894
550000,1263.8855,77.1422,279.2479
551000,1220.6320,75.1297,282.5138
552000,1167.7595,72.5255,283.5228
553000,1303.3334,79.2826,283.4037
554000,1223.1005,75.2514,281.1671
555000,1320.0901,80.1621,283.1237
556000,1329.1713,80.7009,283.8263
557000,1335.2448,80.9333,282.6053
558000,1120.5137,69.8336,278.1228
559000,1253.8711,76.8642,282.6592
560000,1302.1586,79.2721,284.2938
561000,1294.0714,78.8988,283.0812
562000,1186.0396,73.4302,283.3582
563000,1245.2623,76.4713,284.1229
564000,1084.8374,68.4651,283.1971
565000,1264.0969,77.5583,285.2346
566000,1298.0872,79.0899,282.6362
567000,1276.9006,77.9200,283.2356
568000,1320.6940,79.9920,280.5235
569000,1157.8878,71.7520,275.2367
570000,1278.4767,77.8604,279.8817
571000,1239.0997,76.0189,281.3667
572000,1286.2772,78.5169,282.6624
573000,1240.4956,75.9053,278.6731
574000,1315.3052,79.8528,281.9950
575000,860.6182,56.0114,258.9944
576000,1240.1230,75.8783,278.6716
577000,1064.0150,66.9452,275.0756
578000,1227.2182,75.2876,278.6551
579000,1232.6383,75.5844,279.6714
580000,1275.0217,77.6111,278.2465
581000,1354.9554,81.9745,283.5822
582000,1331.4533,80.5095,280.6599
583000,1304.6275,79.0120,276.6394
584000,1344.7153,81.0139,276.1568
585000,1205.3132,74.2444,280.0707
586000,1273.2193,77.4462,275.8517
587000,1293.1559,78.8187,282.0651
588000,1255.7704,76.6233,276.3476
589000,1296.0969,78.6526,278.9125
590000,1286.6191,77.9455,271.5461
591000,1213.5412,74.3248,274.3904
592000,1390.5994,83.3025,275.2514
593000,1200.5431,73.7337,275.3821
594000,1370.9849,82.1837,272.4066
595000,1300.1344,78.9076,276.5644
596000,1218.4576,74.7200,274.9248
597000,1194.6567,73.5891,276.2697
598000,830.5463,54.5753,262.6107
599000,1293.8437,78.6478,279.5461
600000,1258.6977,76.4433,271.3125
601000,1250.8730,76.0747,269.6958
602000,1386.5019,83.1214,274.5230
603000,1302.7496,79.0255,276.8505
604000,1047.8105,65.9065,269.7937
605000,1385.4295,82.8331,272.5753
606000,1349.9797,81.2853,275.5417
607000,1054.4990,66.1445,268.4367
608000,1329.0755,80.0550,273.7074
609000,1272.4385,77.5029,278.7771
610000,1279.8578,77.6389,272.8229
611000,1301.0041,78.7085,273.9783
612000,1343.5548,80.8077,273.8523
613000,1168.7824,72.1764,274.5144
614000,1329.8308,79.9793,268.6099
615000,1282.2198,77.7817,271.7220
616000,1328.9924,80.1710,273.9562
617000,1313.9858,79.4700,277.0730
618000,1312.8788,79.4087,273.5105
619000,1323.5382,79.8333,275.0377
620000,1343.9145,80.8060,274.0522
621000,1290.7058,78.3419,277.3878
622000,1304.4962,78.9786,273.6098
623000,1137.2519,70.0833,262.8787
624000,1345.0975,80.9743,274.2735
625000,1153.3957,71.2254,272.0580
626000,1396.4523,83.5436,272.8616
627000,1389.7813,83.1832,273.1093
628000,1297.9378,78.9198,279.2438
629000,1255.9749,76.6454,275.8800
630000,1353.3750,81.3371,273.0914
631000,1316.2970,79.6611,277.4393
632000,1213.2135,74.0467,269.7044
633000,1151.1335,71.1461,270.2882
634000,1384.3413,83.0827,278.4862
635000,1202.2522,73.8879,276.0243
636000,1354.7320,81.5808,276.6111
637000,1350.4810,81.2054,275.5298
638000,1401.0401,83.9635,277.5085
639000,1263.2744,77.1815,280.4220
640000,1249.6874,76.2824,276.3742
641000,1374.5291,82.8206,283.2253
642000,1369.4164,82.1898,272.8413
643000,1318.0283,79.7233,276.8274
644000,1402.0949,83.9323,275.6652
645000,1314.0286,79.3956,274.6596
646000,1276.3914,77.8997,280.9127
647000,1127.5061,70.2183,277.0447
648000,1329.4122,80.3113,277.5533
649000,1310.4034,79.3876,279.1742
650000,1355.3223,81.5096,273.5687
651000,1383.0558,83.0769,277.6363
652000,1355.7644,81.8387,280.4036
653000,1333.4130,80.3504,275.0036
654000,1317.4562,79.6961,276.1407
655000,1290.0388,78.1587,273.7356
656000,1073.7361,67.1550,268.3385
657000,1269.5719,77.0619,270.4767
658000,1393.6144,83.3362,273.2709
659000,1389.0886,83.3070,275.1935
660000,1320.2048,79.5659,269.4308
661000,1102.5211,68.3098,263.8854
662000,1387.3566,82.8105,270.6309
663000,995.2837,62.9748,262.2262
664000,1373.9559,81.9949,267.5523
665000,1393.8035,83.2152,268.5917
666000,1087.9646,67.4750,262.5109
667000,1371.2459,82.2753,272.6305
668000,1436.8496,85.0751,265.7422
669000,1287.5855,77.7066,266.8954
670000,1457.4866,86.2008,267.3723
671000,1451.8731,86.1739,270.4310
672000,1415.7182,84.1972,269.4483
673000,1319.4687,79.4936,269.9982
674000,1374.8819,82.3120,273.1372
675000,1403.4318,84.0051,275.5710
676000,1375.2728,82.6997,276.7378
677000,1395.4306,83.4601,274.2398
678000,1487.1686,87.9830,272.8651
679000,1439.3025,85.5290,272.8189
680000,1352.0964,81.0800,270.8365
681000,1411.7121,84.2830,273.1046
682000,1374.9561,82.2940,271.7791
683000,1372.7099,82.2928,271.5977
684000,1471.7489,87.2014,271.9234
685000,1377.8584,82.4564,270.6218
686000,1262.6342,76.5572,269.1484
687000,1362.9449,81.7790,271.5914
688000,1427.3987,84.9784,271.6917
689000,1483.2307,87.8902,273.0392
690000,1444.4156,85.8389,270.4525
691000,1424.7797,84.7883,269.3211
692000,1383.5848,82.7080,269.1306
693000,1377.3689,82.4655,271.5206
694000,1410.8648,83.9972,269.3006
695000,1389.9481,82.8650,268.5863
696000,1356.8513,81.5141,273.0061
697000,1441.4003,85.1423,263.1448
698000,1392.9267,83.1849,268.9818
699000,1436.5193,85.1285,267.9254
700000,1352.5182,81.1389,269.4877
701000,1417.5631,84.2274,264.9889
702000,1472.4462,86.8884,265.5939
703000,1310.7356,78.4642,260.4439
704000,1360.0860,81.1580,263.6282
705000,1251.9696,75.6693,260.7789
706000,1428.2760,84.7127,264.6753
707000,1273.7694,76.6948,262.0476
708000,1306.1961,78.4764,263.8753
709000,1388.2654,82.6471,266.0827
710000,1414.5890,84.1304,267.3461
711000,1461.3847,86.3820,264.3759
712000,1432.5691,84.9886,269.0020
713000,1355.9898,81.0015,264.2207
714000,1378.2384,82.3105,266.0438
715000,1391.2824,82.7608,264.7413
716000,1361.2065,81.3046,264.2437
717000,1379.7259,82.1355,263.2923
718000,1439.9933,85.2750,265.3961
719000,1389.5453,82.7432,265.1210
720000,1430.9449,84.9848,268.2844
721000,1453.2441,85.9254,264.7686
722000,1369.8486,81.5618,262.2805
723000,1363.0184,81.3269,264.5462
724000,1442.2902,85.2614,264.4670
725000,1435.2205,84.9733,265.1881
726000,1409.6401,83.8628,266.0953
727000,1516.2954,89.3443,269.2874
728000,1454.4042,85.9910,264.7022
729000,1344.2865,80.5832,265.9556
730000,1439.2121,85.2473,266.4669
731000,1484.6824,87.5949,267.1398
732000,1420.3739,84.4662,268.4969
733000,1445.9577,85.5693,266.4511
734000,1438.1172,85.3347,267.2228
735000,1413.0557,83.9983,265.4192
736000,1430.9854,84.9943,269.7194
737000,1219.5967,74.1567,262.3861
738000,1449.3129,86.0271,269.8594
739000,1093.5277,68.1384,267.5631
740000,1476.7592,87.4102,270.4166
741000,1333.0681,79.9893,268.5140
742000,1463.8922,86.6962,268.5538
743000,1417.8263,84.3699,270.4194
744000,1476.3376,87.2354,269.5331
745000,1453.0839,85.9493,264.1002
746000,1443.3189,85.5203,267.3930
747000,1468.7196,86.6594,265.2413
748000,1432.8469,85.0058,265.8344
749000,1410.1941,83.8427,266.7839
750000,1426.0951,84.6704,266.8747
751000,1393.3660,82.6316,261.0497
752000,1405.0164,83.3055,261.9788
753000,1456.7105,86.0143,261.9411
754000,1480.6590,87.2954,263.8979
755000,1481.0134,87.2189,265.2798
756000,1521.5651,89.2512,264.4557
757000,1501.5176,88.3330,264.4380
758000,1475.5817,86.9701,264.3847
759000,981.6660,61.8621,254.0327
760000,1436.9901,85.0414,263.6821
761000,1478.3533,87.1601,263.0413
762000,1413.1782,83.7467,262.7186
763000,1451.2643,85.7672,265.7153
764000,1418.5425,84.2788,265.7709
765000,1058.8737,65.6122,253.5774
766000,1434.8429,84.7750,261.4837
767000,1456.0885,86.1482,265.6604
768000,1370.3996,81.8709,266.9887
769000,1508.7298,88.6400,265.3186
770000,1450.5267,85.6018,261.7301
771000,1461.3653,86.3384,263.9080
772000,1447.0664,85.5153,264.7236
773000,1367.3662,81.3098,259.8098
774000,1422.7062,84.5218,267.5527
775000,1517.4054,89.0903,264.0130
776000,1431.0469,84.6986,262.1774
777000,1367.3252,81.5949,265.6085
778000,1432.7934,84.8330,265.5052
779000,1503.0275,88.4897,267.1246
780000,1053.5714,65.4109,254.6847
781000,1471.3630,86.8070,264.9972
782000,1397.8757,82.9532,259.7052
783000,1460.2581,86.1280,263.6580
784000,1102.7713,68.0723,259.4399
785000,1333.0577,79.9355,265.2620
786000,1339.3112,80.1298,264.1316
787000,1484.2043,87.6887,268.9258
788000,1446.0194,85.5886,267.6236
789000,1378.3128,82.1206,265.9649
790000,1471.9694,87.0404,270.5920
791000,1446.0320,85.7117,266.9332
792000,1477.3360,87.0306,264.6272
793000,1277.1250,77.0228,261.5126
794000,1397.6838,83.2535,267.1014
795000,1453.2487,86.0246,267.2085
796000,1434.6145,85.3028,269.9205
797000,1466.9249,86.5981,265.6479
798000,1418.3290,84.4631,272.6367
799000,1474.6459,87.1288,268.4100
800000,1515.5778,89.3733,271.1692
801000,1405.4830,83.8785,271.8827
802000,1452.8551,86.2071,270.5459
803000,1498.9000,88.3728,269.0487
804000,1497.5306,88.5232,273.4361
805000,1419.9897,84.3494,268.5728
806000,1538.7864,90.5232,270.4554
807000,1525.8944,89.9678,271.8502
808000,1468.7582,86.9443,269.7463
809000,1446.4858,85.8315,271.8760
810000,1552.5757,91.2229,273.2829
811000,1488.2191,87.8261,269.8945
812000,1507.1163,88.8370,270.6505
813000,1480.5749,87.6956,271.7536
814000,1386.5017,82.6988,269.4595
815000,1490.3087,88.0899,270.3760
816000,1476.1784,87.2476,270.4470
817000,1404.7045,83.6620,269.1843
818000,1453.8360,86.0972,267.9613
819000,1431.1452,84.9812,268.7758
820000,1483.7625,87.6017,267.7184
821000,1323.1897,79.4673,265.4397
822000,1344.4933,80.5076,266.8538
823000,1537.7059,90.4285,269.0133
824000,1439.1555,85.5378,270.8698
825000,1449.4497,85.9859,271.8589
826000,1552.4390,91.0262,267.6282
827000,1430.1137,84.8630,267.4742
828000,1506.8183,88.9397,272.7580
829000,1438.6773,85.5505,271.6648
830000,1484.6510,87.8093,271.6860
831000,1563.7846,91.9135,274.4160
832000,1288.9312,77.8721,267.4100
833000,1404.9691,83.8136,269.9630
834000,1533.0183,90.3268,271.7168
835000,1481.3306,87.7267,273.1627
836000,1539.0446,90.6018,274.7931
837000,1535.2717,90.4221,272.1572
838000,1427.2292,84.9321,270.9848
839000,1544.0250,90.8313,271.5043
840000,1474.7711,87.1029,266.7545
841000,1516.1166,89.3960,272.2540
842000,1491.9816,88.1547,271.6831
843000,1409.9564,83.9172,268.1837
844000,1377.3776,82.4155,270.5975
845000,1384.6214,82.9076,272.2563
846000,1558.0477,91.7196,274.3595
847000,1454.1340,86.4628,275.9675
848000,1581.3409,92.6796,273.5585
849000,1553.7435,91.6826,280.1159
850000,1507.1865,89.1798,278.2479
851000,1463.5403,86.9723,277.6931
852000,1565.7971,92.2229,278.1490
853000,1541.9592,91.2111,282.8626
854000,1543.6032,91.3521,283.5617
855000,1347.5451,81.5937,283.0465
856000,1493.4521,88.9072,283.4801
857000,1401.7726,84.2212,283.4871
858000,1506.0565,89.3725,281.6689
859000,1563.1887,92.1455,278.4929
860000,1437.5101,85.8385,278.2827
861000,1297.4272,78.8162,278.7435
862000,1510.4275,89.6212,281.2427
863000,1479.7541,88.1838,282.8693
864000,1513.1292,89.6560,279.6755
865000,1480.6232,88.1622,282.6400
866000,1474.7149,87.7210,280.4178
867000,1443.5238,86.0953,277.9292
868000,1479.1217,87.8254,278.4660
869000,1530.5668,90.6741,281.8782
870000,1534.0663,90.7998,280.3702
871000,1574.8098,92.6161,279.3683
872000,1499.4873,89.0146,282.4938
873000,1481.7236,88.1410,280.3837
874000,1454.3457,86.8072,280.4430
875000,1491.2878,88.6801,281.9243
876000,1433.0070,85.7557,283.8845
877000,1446.3631,86.2678,279.3749
878000,1447.6148,86.5041,280.8619
879000,1521.7146,90.2316,283.9499
880000,1536.0292,90.8517,281.8837
881000,1492.6090,88.6071,280.7663
882000,1455.1765,86.9317,281.9132
883000,1442.9900,85.9359,274.6176
884000,1498.2837,89.2869,286.5328
885000,1498.7939,89.0467,283.1075
886000,1406.0089,84.5058,283.8946
887000,1485.9711,88.4755,281.6554
888000,1484.1272,88.3967,284.8726
889000,1481.4054,88.1365,281.1869
890000,1215.6598,74.7810,279.3076
891000,1535.2412,91.3545,290.0017
892000,1469.4824,87.6764,285.6491
893000,1537.2949,91.2115,285.2911
894000,1492.3618,88.9821,288.4952
895000,1400.8472,84.5271,289.2282
896000,1521.2295,90.4106,286.3289
897000,1444.3312,86.6944,287.6933
898000,1528.8922,90.7861,287.4948
899000,1329.0529,80.1891,274.4084
900000,1484.9021,88.4557,283.3368
901000,1483.8623,88.5531,288.8463
902000,855.4339,55.8992,262.8675
903000,1506.8690,89.5693,285.2916
904000,1479.9806,88.3084,287.2352
905000,1398.3913,84.1330,284.6855
906000,1482.9333,88.4994,286.1295
907000,1495.6848,89.1693,287.3234
908000,1531.5771,91.1042,288.9172
909000,1495.8808,89.2737,288.3651
910000,1523.5235,90.4032,284.9579
911000,1535.2610,91.0843,287.3434
912000,1528.6882,90.7313,285.1590
913000,1377.7741,82.9825,281.9565
914000,1301.2554,79.2480,283.4939
915000,1492.7779,88.8961,286.0416
916000,1522.1047,90.2959,283.7739
917000,1501.6861,89.3284,283.5260
918000,1378.0971,83.0499,281.4755
919000,1518.0697,90.2962,287.1068
920000,1544.5351,91.4924,286.3850
921000,1550.6868,91.8987,288.7405
922000,1536.7784,91.2668,286.9522
923000,1528.4622,90.8737,290.8507
924000,1455.3420,87.0587,287.3252
925000,1595.4371,94.2939,289.0235
926000,1511.2146,90.0963,290.4637
927000,1484.1722,88.6624,289.2858
928000,1468.9209,87.9329,287.7931
929000,1473.6155,87.9167,286.0712
930000,1574.3436,93.3105,290.0982
931000,1520.6830,90.4925,289.6534
932000,1601.7939,94.5940,288.1551
933000,1040.4898,66.2323,283.1581
934000,1530.1324,90.9278,287.4592
935000,1521.6949,90.2568,284.3059
936000,1092.9502,68.3101,271.3416
937000,1547.2673,91.6822,284.4710
938000,1491.1347,88.8239,286.7510
939000,1465.1856,87.5670,285.3623
940000,1533.6252,90.9863,285.5680
941000,1457.6199,87.2071,285.1409
942000,1438.5638,86.0053,282.8705
943000,1584.5629,93.6542,287.2649
944000,1330.3547,80.2116,275.6023
945000,1535.0276,91.1575,287.6140
946000,1155.5169,71.4726,275.2582
947000,1590.1501,93.8090,287.6001
948000,1369.8102,82.5230,281.0760
949000,1557.5768,92.0854,285.7612
950000,1407.4168,84.5254,283.0474
951000,1596.6611,94.3073,287.4906
952000,1572.1593,93.0889,288.1586
953000,1461.4203,87.3204,285.5710
954000,1465.9711,87.7127,287.6204
955000,1633.8500,96.2058,290.6701
956000,1534.8121,91.2513,290.3388
957000,1563.0332,92.6159,289.3072
958000,1474.8969,88.0597,287.0581
959000,1566.2227,92.9920,291.8238
960000,1538.1217,91.2824,287.1796
961000,1457.5357,87.2773,286.5345
962000,1484.8722,88.7545,288.5988
963000,1425.8746,85.7393,288.9016
964000,1444.4547,86.6451,288.9906
965000,1581.2966,93.4718,289.1538
966000,1472.8999,88.0169,285.8523
967000,1575.1654,93.1498,288.1308
968000,1399.5828,84.3275,285.3597
969000,1563.4315,92.5416,288.4178
970000,1493.4411,89.0949,287.0999
971000,1610.2257,95.1301,290.6419
972000,1575.6403,93.3717,290.8793
973000,1564.8097,92.6981,288.1680
974000,1513.5300,89.9220,286.7719
975000,1593.7783,94.0881,286.6512
976000,1553.4927,91.8871,284.2054
977000,1537.2568,91.2011,285.2877
978000,1551.6042,91.9615,287.0260
979000,1557.5383,92.1010,284.2910
980000,1467.3725,87.5173,284.0510
981000,1498.1151,89.0417,281.6137
982000,1555.1495,92.2705,288.4759
983000,1180.9022,73.1803,282.1295
984000,1559.3529,92.4441,288.3144
985000,1619.2139,95.3045,288.3604
986000,1504.5931,89.4872,285.7666
987000,1538.9329,91.2971,286.7276
988000,1451.9755,86.9317,285.1123
989000,1535.4601,91.1473,287.5310
990000,1492.2950,88.9805,288.0689
991000,1239.3557,76.3339,285.7505
992000,1609.1658,95.0364,290.8634
993000,1237.2366,75.8571,277.9968
994000,1557.5329,92.3543,289.3340
995000,1643.2620,96.7311,289.8865
996000,1553.4590,92.2747,291.3434
997000,1504.3168,89.8864,292.1438
998000,1493.7059,89.0323,288.3600
999000,1539.7604,91.3982,289.4840
1000000,1590.6463,94.0315,288.4125
1001000,1477.0540,88.2440,288.4317
