timestep,reward,distance,control_cost
1000,-477.8080,-8.5064,308.6177
2000,-605.3072,-14.8641,307.4168
3000,-464.0511,-7.8714,305.7444
4000,-335.1848,-0.9519,315.9786
5000,-368.5780,-2.8461,310.6392
6000,-324.0223,-0.4720,312.7213
7000,-321.7386,-0.4190,312.9181
8000,-342.3487,-1.5593,309.6084
9000,-393.6943,-4.5397,302.5545
10000,-421.4906,-5.9864,302.0384
11000,-330.9412,-0.9401,311.3535
12000,-446.9873,-7.1977,304.2458
13000,-346.9865,-2.2459,302.9871
14000,-314.9070,-0.3199,307.8719
15000,-285.8681,0.9262,303.6694
16000,-332.8021,-1.3148,307.1718
17000,-300.1521,0.2329,303.5380
18000,-224.6069,3.9444,302.7100
19000,-324.8759,-0.8872,305.6490
20000,-332.8353,-1.5809,302.0144
21000,-368.9486,-3.1292,307.5438
22000,-384.3194,-3.9915,305.5793
23000,-338.0692,-1.8482,301.7035
24000,-250.8540,2.8694,307.7606
25000,-242.4025,2.9693,302.9311
26000,-215.9367,4.1841,300.6501
27000,-296.9775,0.0722,298.2475
28000,-352.3906,-2.5400,301.7476
29000,-299.2663,0.1077,299.8122
30000,-365.3017,-3.1513,300.7344
31000,-292.6850,0.4989,301.5863
32000,-289.3363,0.4743,298.1599
33000,-193.7600,5.2235,297.9622
34000,-281.5190,0.8745,300.7390
35000,-316.2250,-0.6102,303.1256
36000,-230.6546,3.6032,301.7694
37000,-329.1574,-1.5859,299.2729
38000,-265.3527,1.6264,299.7008
39000,-301.5928,-0.1149,299.4781
40000,-303.4342,-0.2170,299.2772
41000,-408.7301,-5.6535,296.2667
42000,-216.6480,3.9469,294.6231
43000,-259.9217,2.1179,300.8928
44000,-262.7572,1.5688,294.0244
45000,-145.5343,7.3652,293.8691
46000,-226.7773,3.5494,296.3895
47000,-385.6738,-4.2942,298.4859
48000,-193.4353,5.0191,294.6078
49000,-212.4559,4.1044,294.8810
50000,-270.7721,1.0603,293.7789
51000,-288.9578,0.4415,297.1441
52000,-168.3607,6.0631,290.0321
53000,-225.4289,3.3192,290.4013
54000,-197.7020,4.6944,293.5334
55000,-139.5309,7.7327,294.3053
56000,-244.5710,2.3802,291.4240
57000,-154.4126,6.7935,289.3065
58000,-189.1071,5.0826,291.3482
59000,-148.0800,7.2991,295.2801
60000,-259.9081,1.9071,298.6026
61000,-212.1162,4.3454,300.9670
62000,-243.2899,2.6647,297.4331
63000,-258.4919,1.5390,288.6845
64000,-196.8298,5.3284,304.5680
65000,-218.3773,3.9294,297.7084
66000,-224.8263,3.4026,293.8984
67000,-112.2968,9.6394,303.1149
68000,-275.7946,1.1296,299.4821
69000,-203.3266,4.7221,298.1852
70000,-164.3233,6.8968,302.8702
71000,-196.7461,5.0217,298.2912
72000,-88.6283,10.7253,304.4601
73000,-77.3422,11.4675,304.8963
74000,-169.4009,6.7055,305.2125
75000,-167.5977,6.7586,302.8557
76000,-175.4566,6.6781,307.3290
77000,-80.2313,11.0900,301.9801
78000,-131.3405,8.5597,300.6386
79000,-164.0630,7.2569,309.3335
80000,-61.1922,12.0532,303.1141
81000,-29.2409,13.9331,306.8725
82000,-157.8822,7.5183,306.4884
83000,-141.5304,7.9278,299.0942
84000,-128.8413,9.1223,311.0817
85000,-16.4082,14.9767,315.6550
86000,-17.8483,14.4888,308.4013
87000,16.9720,16.3593,308.9907
88000,3.5467,15.7693,310.9899
89000,10.0071,15.5375,302.4857
90000,-149.3318,7.6581,302.6795
91000,-15.4022,14.5146,306.0989
92000,111.1516,20.8328,303.9450
93000,-3.4635,15.1409,305.5572
94000,-92.5538,10.7290,307.5385
95000,21.9711,16.4826,307.8411
96000,-32.7286,13.8551,309.4674
97000,120.5634,21.4131,309.4081
98000,51.3133,18.1152,310.6303
99000,42.8974,17.7448,311.6463
100000,87.1800,19.6208,305.9594
101000,94.0473,19.8929,305.2683
102000,82.9854,19.7073,312.1842
103000,51.8547,18.3697,316.5873
104000,98.8617,20.6947,313.7264
105000,112.5045,20.8925,307.0731
106000,110.8528,21.1659,310.7755
107000,172.3038,24.3455,313.7289
108000,115.5481,21.5232,315.2213
109000,97.7377,20.6821,314.9428
110000,110.6219,21.5245,320.6040
111000,118.1017,21.6700,315.3704
112000,297.6886,30.5820,314.4961
113000,187.4926,25.3374,318.0923
114000,207.9239,26.3801,318.6643
115000,229.5877,27.4688,319.4845
116000,203.8177,25.8873,313.4591
117000,132.6400,22.5710,319.6817
118000,197.6537,25.7918,318.2877
119000,142.8067,22.6242,311.4844
120000,349.4756,33.7261,325.8456
121000,282.0616,29.9423,314.8990
122000,130.1557,22.4697,319.8077
123000,252.2133,28.4673,316.1750
124000,238.5102,27.8508,320.0791
125000,268.0905,29.1691,316.7915
126000,313.9612,31.5911,317.1713
127000,285.0829,30.4532,323.0164
128000,100.6798,20.3618,307.6313
129000,314.1637,31.4826,314.2663
130000,261.8284,28.7027,313.9196
131000,213.7223,26.0283,307.7462
132000,296.5482,30.5903,314.8392
133000,357.1560,33.6237,315.2871
134000,263.0752,28.8489,312.6690
135000,364.9042,33.6075,308.3539
136000,294.7976,30.5801,314.8391
137000,292.9863,30.3636,314.0778
138000,317.4733,31.6331,314.1366
139000,333.1357,32.1215,309.9038
140000,301.6695,30.6163,309.5815
141000,313.5635,31.0479,307.7449
142000,379.0370,34.5897,311.6998
143000,261.2880,28.5070,310.5642
144000,350.8802,33.0331,311.2352
145000,323.3530,31.9495,314.5466
146000,374.6307,34.6082,318.5489
147000,327.7797,32.1936,315.0926
148000,435.0996,37.5831,318.3578
149000,434.9078,37.6714,316.6179
150000,493.8869,40.2473,312.6579
151000,477.7086,40.1163,322.7184
152000,412.2328,36.4734,317.3781
153000,487.6937,40.2365,315.3535
154000,254.8364,28.5477,317.1005
155000,489.1321,40.1949,314.8493
156000,446.8495,38.2683,319.9575
157000,472.9084,39.6277,319.5600
158000,362.1150,34.0568,317.2344
159000,416.0671,36.8411,322.0781
160000,476.5923,39.8469,318.4132
161000,608.2218,46.5770,323.7217
162000,420.9445,37.1814,323.1137
163000,389.6432,35.5072,321.0722
164000,562.7419,43.8678,315.5622
165000,472.7363,39.5495,317.1243
166000,550.0595,43.4056,317.6193
167000,398.2062,35.9137,318.9909
168000,573.2295,44.5741,319.4971
169000,493.7952,40.4110,315.3823
170000,566.3094,44.1815,317.7130
171000,470.8382,39.4172,316.3845
172000,520.3376,41.8497,315.8756
173000,541.1575,43.0484,318.3881
174000,522.5759,42.2412,320.7354
175000,595.7986,45.4912,312.9438
176000,491.6133,40.4166,317.3971
177000,536.1098,42.7301,318.4113
178000,543.8285,42.8688,313.6993
179000,578.1749,44.6733,315.2506
180000,483.2982,40.1765,319.9788
181000,573.3633,44.2372,313.2949
182000,594.9921,45.4434,315.6958
183000,596.4270,45.6752,315.3150
184000,564.7242,43.8718,312.1734
185000,488.7553,40.0811,311.5851
186000,527.8683,42.1998,318.0134
187000,526.3373,42.0115,313.6018
188000,595.9763,45.7375,318.2033
189000,576.6218,44.4955,311.9637
190000,623.8600,46.7546,312.9759
191000,423.1236,36.3618,305.5184
192000,627.3550,47.1884,314.6572
193000,543.0947,42.7812,311.4863
194000,602.3688,45.7373,313.0596
195000,630.7455,47.1332,312.7745
196000,635.0815,47.4798,316.0786
197000,671.7731,49.2652,314.3442
198000,704.3069,51.0485,317.6784
199000,601.3490,45.1848,302.4443
200000,636.8052,47.4150,309.9362
201000,655.2324,48.1520,308.1440
202000,527.8956,41.8158,308.9731
203000,584.2017,44.6507,307.2646
204000,650.5826,48.0157,310.0800
205000,640.1519,47.8994,316.4858
206000,659.9319,48.5515,310.3529
207000,727.4895,52.1640,317.3582
208000,644.7068,47.9059,312.4286
209000,728.0150,52.2352,315.8867
210000,744.7762,52.8073,312.8833
211000,611.1527,46.1050,312.4030
212000,631.9723,47.1845,312.5381
213000,540.5241,43.0181,318.7607
214000,603.1586,46.1355,319.1655
215000,633.5576,47.2412,309.2769
216000,533.3234,42.2047,310.7463
217000,676.3814,49.3948,311.7600
218000,660.2283,48.4913,308.8956
219000,662.5591,48.6215,311.1475
220000,788.8699,55.0894,311.7562
221000,737.2968,52.4308,310.6808
222000,659.6453,48.3714,308.1755
223000,697.8175,50.7241,318.6158
224000,655.4302,48.1615,307.5862
225000,670.6711,48.9869,309.2927
226000,675.0236,49.4405,313.1311
227000,534.1880,42.4927,313.7486
228000,774.6621,54.5961,316.0389
229000,737.5725,52.6236,313.9038
230000,586.4408,44.8338,311.8047
231000,707.0896,51.0282,314.8508
232000,744.5834,53.1817,317.6248
233000,748.8570,53.3289,316.8869
234000,703.7115,50.7181,310.3923
235000,623.7018,46.9291,315.5768
236000,806.1660,55.8177,311.8636
237000,753.2871,53.2117,312.6057
238000,780.2538,54.3975,307.6403
239000,841.8879,57.4157,307.3550
240000,768.9739,53.8723,307.3905
241000,763.6909,53.8875,312.8195
242000,736.1695,52.0776,304.4582
243000,816.3399,55.9441,304.0903
244000,708.2959,50.8886,308.9425
245000,761.7054,53.5928,310.9133
246000,810.8549,56.1493,310.6778
247000,778.8032,54.1938,305.9562
248000,864.9443,58.5174,304.2557
249000,837.8817,57.4481,311.6726
250000,732.0009,52.0318,309.0236
251000,771.5874,53.6675,303.7260
252000,722.8251,51.4979,306.3894
253000,829.1098,56.9756,311.8278
254000,902.7189,60.5075,306.9216
255000,863.0938,58.6712,309.9025
256000,835.4347,57.3241,310.1661
257000,676.3455,49.0045,305.1382
258000,896.3152,60.1352,306.2421
259000,856.8299,58.1356,304.1956
260000,895.5715,60.0238,305.3820
261000,897.0681,60.5621,314.3782
262000,787.7827,54.9690,310.7434
263000,830.6649,57.0761,311.5901
264000,871.5527,59.2887,313.2544
265000,904.1853,60.7260,309.7988
266000,918.1707,61.4875,311.4550
267000,824.7026,56.7915,310.6521
268000,824.7921,56.8310,312.9621
269000,842.6892,57.4408,306.6560
270000,833.7173,57.1246,310.6048
271000,882.3774,59.6820,310.6446
272000,844.8611,57.4286,303.9332
273000,922.9120,61.6018,308.1299
274000,840.7062,57.7390,312.7626
275000,826.8232,56.5883,306.0716
276000,888.4588,59.5827,303.5178
277000,908.8151,60.8214,305.9863
278000,897.9270,60.2311,304.9273
279000,913.0860,60.8683,304.0269
280000,964.0172,63.3529,302.1542
281000,881.9445,59.3098,304.0923
282000,922.3385,61.1308,299.7453
283000,725.8231,51.1231,296.7065
284000,926.6845,61.7415,306.6837
285000,892.7388,59.9751,306.0052
286000,992.7690,65.0028,306.9155
287000,982.4493,64.2983,301.7763
288000,772.3383,53.9128,307.6708
289000,958.4370,63.0819,304.4937
290000,959.6677,63.3178,306.6982
291000,321.4806,31.0685,300.1832
292000,979.2343,64.0388,301.5370
293000,933.4620,61.8105,302.7690
294000,979.7498,64.2607,305.0430
295000,961.3539,63.3036,305.8899
296000,946.8277,62.7467,307.2177
297000,975.0268,64.1223,306.4429
298000,917.9993,61.2472,306.0821
299000,956.5395,63.1248,304.7596
300000,1003.5837,65.3523,302.4565
301000,1002.5858,65.4722,307.0137
302000,984.2236,64.1106,299.4869
303000,923.8139,61.2949,300.6004
304000,939.5045,62.0878,300.4699
305000,1009.4048,65.6889,304.9657
306000,1001.1337,65.0727,301.8574
307000,1024.4571,66.3395,302.0155
308000,945.7871,62.3594,301.3163
309000,1024.5090,66.4237,305.2596
310000,1000.2749,65.1494,303.0220
311000,1027.3507,66.6586,304.3760
312000,1049.5621,67.3597,298.9172
313000,1036.6845,66.9315,303.2227
314000,1032.6209,66.5912,298.1473
315000,1046.3974,66.9836,293.9686
316000,1040.1758,67.1028,299.9214
317000,998.8904,64.7656,298.3199
318000,954.7973,62.7005,297.8060
319000,985.3759,64.0853,297.5445
320000,978.4245,63.8860,300.9732
321000,968.1573,63.3237,299.6714
322000,1101.8743,69.9749,299.5342
323000,984.3779,64.3014,299.6580
324000,1061.8148,68.1876,300.2301
325000,996.4683,64.7400,299.7049
326000,962.4197,63.2181,302.7238
327000,1004.6596,65.0948,297.8487
328000,1010.5153,65.4524,297.7895
329000,1070.8491,68.6361,300.1024
330000,1015.9061,65.6674,298.8234
331000,987.8518,64.2147,295.2061
332000,1018.0583,65.7311,297.8889
333000,1029.7746,66.2915,296.5042
334000,1082.8296,68.9904,298.4248
335000,1021.9662,66.0962,299.0078
336000,1074.1413,68.5182,294.8985
337000,1093.9733,69.6173,300.1466
338000,1087.0530,69.1998,296.8334
339000,1076.7571,68.8545,298.9047
340000,1040.4389,66.8873,297.0586
341000,1031.5800,66.5540,299.2319
342000,991.4001,64.2330,295.1381
343000,1015.3463,65.6362,297.8189
344000,1074.8753,68.4763,295.4838
345000,1009.1602,65.3100,296.8186
346000,1106.6528,70.2285,295.9828
347000,986.4117,64.2564,300.3095
348000,1133.5394,71.6915,300.1407
349000,1020.4148,66.0697,299.1572
350000,1027.3958,66.1275,294.4361
351000,1047.1608,67.3553,298.8912
352000,1157.0709,72.8057,298.0562
353000,1041.2057,66.9658,299.4922
354000,1100.9194,69.9033,298.1403
355000,1064.6088,68.2713,300.0087
356000,1077.2709,68.7240,295.9421
357000,1102.1254,69.9255,297.6202
358000,1009.4914,65.2164,296.7091
359000,1090.0607,69.2805,294.0177
360000,1058.6222,67.8133,298.4444
361000,389.4485,33.5532,283.5495
362000,455.6249,37.0615,285.7574
363000,1144.9102,72.2631,299.4919
364000,1037.1150,66.9512,303.1087
365000,1154.3337,72.7064,300.3193
366000,1081.2090,69.2419,301.8453
367000,1070.6042,68.7559,303.9510
368000,1173.3971,73.5337,298.9366
369000,1163.6780,73.2943,301.9269
370000,1098.4078,69.8187,299.5838
371000,1132.3668,71.7654,301.7934
372000,1133.8462,71.8313,303.2301
373000,1120.5101,71.2107,302.9930
374000,1060.6579,68.1844,303.4036
375000,1121.1826,71.0825,300.5711
376000,1119.5676,71.2739,304.4669
377000,1112.5768,70.7017,301.7384
378000,1009.6720,65.5060,300.2431
379000,1155.5055,72.7716,300.0036
380000,1059.0647,67.8628,299.7733
381000,1166.5932,73.4181,301.5067
382000,1103.1258,70.3896,305.1372
383000,1073.0789,68.7383,302.3685
384000,1115.1151,70.8299,302.6478
385000,1185.1334,74.3809,300.9825
386000,1028.8698,66.4346,299.4195
387000,1184.4197,74.3501,300.6137
388000,1182.6653,74.1477,300.5820
389000,1166.4388,73.1669,298.7912
390000,1105.7256,70.2935,299.5659
391000,1087.1304,69.3443,298.2134
392000,1022.9932,66.1921,299.0544
393000,1099.3339,69.9572,301.6685
394000,1213.8152,75.8527,303.5082
395000,1110.9900,70.6224,302.8071
396000,1111.4615,70.5636,300.4119
397000,1094.7311,69.9873,304.7096
398000,1170.1964,73.8541,308.4502
399000,1115.6006,70.8969,303.0874
400000,631.9768,46.5982,298.9157
401000,1136.6930,71.8438,301.9847
402000,1212.8843,75.8388,305.1593
403000,1113.6374,70.7125,299.9757
404000,1082.1833,69.3906,304.9020
405000,1249.5173,77.7772,304.8452
406000,1098.9634,70.1342,302.5689
407000,1143.7382,72.3993,304.5601
408000,1133.2746,71.9845,304.9583
409000,1121.0722,71.2945,303.7328
410000,929.1965,61.6561,302.8550
411000,1153.3960,72.9016,303.4911
412000,1069.1315,68.8194,305.6390
413000,1065.8945,68.2285,300.2392
414000,1164.1584,73.2741,299.7668
415000,1158.2746,73.1291,304.6378
416000,1170.0734,73.5996,302.4170
417000,1195.5331,75.1093,306.2751
418000,1232.7299,76.7662,301.9431
419000,1165.7667,73.3442,300.3798
420000,1228.9476,76.5167,301.8416
421000,1164.2549,73.2062,301.3823
422000,1205.3458,75.0427,297.0686
423000,1131.4922,71.7897,302.5683
424000,1233.0406,76.8111,301.4539
425000,1225.5834,76.3142,301.0536
426000,1139.3331,72.1288,302.8929
427000,1104.5456,70.3518,302.9616
428000,1239.5052,77.1010,303.4295
429000,1127.6468,71.3772,298.4181
430000,579.2326,44.1557,301.9154
431000,1190.5997,74.6923,302.8831
432000,1142.9198,72.3404,304.0699
433000,1209.5291,75.5730,301.4673
434000,1194.6040,74.8449,302.4743
435000,1143.0819,72.1867,300.1236
436000,1142.5175,72.0606,297.4496
437000,1255.9984,77.8317,302.3430
438000,1247.8448,77.5481,303.4225
439000,1180.7686,74.0198,299.8688
440000,1211.4969,75.6121,298.9842
441000,1134.7156,71.8052,300.4843
442000,1164.4328,73.2226,301.8767
443000,1222.4283,76.1371,300.7990
444000,1254.0641,77.5395,298.3130
445000,1234.4617,76.8300,301.1401
446000,1228.7123,76.4431,300.0313
447000,1138.6236,71.7636,296.2696
448000,1162.4318,73.2202,301.6970
449000,1159.2075,73.0522,303.1231
450000,1223.8410,76.2203,299.2971
451000,1101.4432,69.9227,297.9406
452000,1181.5045,74.1759,300.3713
453000,1163.8651,73.2043,300.2120
454000,1253.9535,77.6833,298.5669
455000,1262.9380,78.1992,300.0580
456000,1179.2562,74.0469,302.3670
457000,1198.2096,75.0602,301.7462
458000,1168.4632,73.6645,303.7551
459000,1190.8951,74.6285,302.3590
460000,1231.9316,76.7923,302.1987
461000,1067.5648,68.4614,300.1363
462000,1286.8530,79.4312,302.8795
463000,1199.6755,75.2780,304.1978
464000,1188.2274,74.4585,301.1573
465000,1174.5248,73.7459,300.6319
466000,1195.9421,74.8275,300.8713
467000,1246.2384,77.4929,303.7981
468000,1222.1396,76.4844,305.9572
469000,1244.4913,77.4186,305.8476
470000,1165.2390,73.3409,302.8907
471000,1222.7035,76.5011,305.8065
472000,1219.9406,76.1255,302.4749
473000,1266.0686,78.7386,307.4050
474000,1299.0205,80.2593,305.5616
475000,1221.5024,76.3004,304.6315
476000,1292.9186,79.6555,301.6785
477000,1315.7518,80.9876,302.9113
478000,1202.1341,75.3033,302.6830
479000,1233.4168,77.0175,305.8313
480000,1242.4167,77.4507,305.1747
481000,1260.7402,78.2593,304.5984
482000,1213.8394,75.7919,301.4111
483000,1294.5809,80.0980,305.7536
484000,1220.7987,76.0933,299.4923
485000,1144.6744,72.1826,299.5625
486000,1298.2019,79.9617,300.6758
487000,1235.5487,76.8688,302.0768
488000,1305.0672,80.2347,298.8333
489000,1239.0444,77.0641,300.4295
490000,1212.9021,75.4216,296.3624
491000,1170.7875,73.3034,296.0487
492000,1274.8022,78.6348,296.2823
493000,1223.6301,75.8206,294.7398
494000,1333.9826,81.6390,297.4663
495000,1212.9876,75.7450,299.9329
496000,1252.8641,77.4940,297.6707
497000,1262.2745,78.0959,300.2845
498000,1243.9687,77.0589,296.1277
499000,1201.8337,75.0210,298.3398
500000,1223.7929,76.3171,300.8499
501000,1259.4297,77.9974,298.9165
502000,1302.0884,80.1280,301.7349
503000,1236.3839,77.0004,301.7683
504000,1265.8305,78.2373,298.4416
505000,1194.4135,74.8589,301.7167
506000,1292.2051,79.7171,301.4712
507000,1246.4495,77.2681,298.7974
508000,1305.8942,80.4445,303.4461
509000,1341.4987,82.1473,299.5360
510000,1362.7387,83.3454,303.0354
511000,1258.6566,77.7222,297.4257
512000,1224.6573,76.2574,300.9162
513000,1284.6314,79.2803,301.5266
514000,1335.6831,81.8009,300.9858
515000,1266.2207,78.3919,301.6074
516000,1277.3276,78.8994,299.2102
517000,1282.9022,79.0267,297.9196
518000,1298.9746,79.9471,299.5415
519000,1320.1876,80.8156,296.6289
520000,1252.5293,77.5280,297.6694
521000,1211.2033,75.3214,296.4327
522000,1310.9702,80.5081,297.7470
523000,1283.6787,79.0699,297.2755
524000,1249.0095,77.0717,294.0317
525000,1281.1474,78.8347,293.8431
526000,1301.0187,79.7009,294.5864
527000,1275.5158,78.6551,295.7448
528000,1137.5504,71.5745,293.6731
529000,1297.3049,79.8024,297.1371
530000,1241.2789,76.7204,294.3890
531000,1269.2908,78.3667,296.2137
532000,1214.9254,75.5554,294.5059
533000,1296.6182,79.4220,292.5235
534000,1278.7696,78.7109,293.4570
535000,1237.3150,76.4507,293.4793
536000,1290.1317,79.2189,295.2328
537000,1327.4281,80.9462,291.0127
538000,1291.4762,79.3139,294.5207
539000,1359.6952,82.6404,293.2419
540000,1258.1170,77.4826,289.9955
541000,1268.3770,78.0489,292.0407
542000,1320.6510,80.6224,291.9251
543000,1234.9106,76.3914,291.0172
544000,1269.7275,78.1719,294.4179
545000,1277.5778,78.4256,289.5531
546000,1277.9931,78.4077,289.7797
547000,1215.4241,75.2750,290.5190
548000,1307.9744,80.0551,292.8792
549000,1301.6578,79.7069,293.3747
550000,1262.8438,77.8190,292.6238
551000,1286.1691,79.0544,293.1962
552000,1222.7562,75.7888,294.2430
553000,1116.5799,70.6530,294.8100
554000,1311.4586,80.3269,294.0550
555000,1293.1044,79.1646,292.0902
556000,1185.7075,73.8049,290.8384
557000,1285.6213,79.1387,295.4167
558000,1292.1515,79.3691,294.0129
559000,1302.8464,79.7782,292.8360
560000,1222.5548,75.9118,295.6261
561000,1258.9014,77.6545,293.3858
562000,1318.0877,80.5641,292.4363
563000,860.7035,59.1621,320.5512
564000,1209.7157,75.1473,292.9080
565000,1266.3448,78.0986,294.4008
566000,1301.3782,79.7632,294.5796
567000,1239.3481,76.6892,293.0766
568000,1279.7285,78.7678,294.7704
569000,1216.9558,75.4971,292.3840
570000,1363.7157,82.9032,294.5625
571000,1307.5768,80.0884,293.3146
572000,1369.3643,82.9955,290.7693
573000,1309.5520,80.1302,292.0866
574000,1302.7080,79.7197,293.3624
575000,1260.2312,77.6405,292.6095
576000,1287.3811,78.9644,292.6615
577000,1261.8884,77.5226,289.1312
578000,1157.6018,72.5882,293.2006
579000,1179.8743,73.5470,292.1392
580000,1315.5178,80.3065,292.1535
581000,1332.0017,81.1678,290.3396
582000,1287.0624,79.0101,294.1411
583000,1325.5149,80.9394,293.6602
584000,1342.2746,81.7836,292.0110
585000,1206.8486,74.9391,291.0160
586000,1275.6332,78.2773,291.6362
587000,1329.0208,81.0213,291.5112
588000,1280.0736,78.6833,292.1077
589000,1335.3592,81.1730,289.3854
590000,1360.3752,82.6249,291.8408
591000,1267.0178,77.7475,288.6003
592000,1263.8225,77.6410,288.6332
593000,1306.8526,79.9225,290.5472
594000,1282.8092,78.5906,290.9730
595000,1349.0216,81.8990,289.7339
596000,1226.9007,75.9144,292.0060
597000,1329.2123,81.0490,291.8161
598000,1083.6872,68.5862,289.2326
599000,1324.6303,80.6281,288.6800
600000,1424.3368,85.9526,294.3116
601000,1348.4822,81.9070,289.6769
602000,1260.7672,77.7249,292.2709
603000,1270.9877,78.1189,291.1813
604000,1304.0951,79.8946,294.1276
605000,1390.4101,84.0078,291.6645
606000,1267.0058,77.6916,287.8056
607000,1284.3273,78.5505,286.4299
608000,1341.6827,81.2437,284.6513
609000,1383.1489,83.4931,288.6718
610000,1359.3841,82.4903,290.8249
611000,1353.4851,82.3634,292.4203
612000,1454.3961,87.1940,289.4189
613000,1402.1143,84.7734,292.4591
614000,1195.9618,74.1975,288.3450
615000,1456.1259,87.2310,288.9076
616000,1296.1028,79.0712,286.4843
617000,1376.6615,83.4953,291.9983
618000,649.1543,46.9145,289.9340
619000,1202.4980,74.5818,290.6138
620000,1324.1270,80.8555,291.6708
621000,1343.8188,81.7368,290.7021
622000,1393.2067,84.2743,290.7460
623000,1336.3142,81.4208,293.0848
624000,1376.1935,83.4274,290.5476
625000,1371.8596,83.1160,291.1881
626000,1319.4975,80.4880,289.0721
627000,1326.1743,80.9495,293.3977
628000,1374.0254,83.4305,295.8461
629000,1444.3878,87.0747,296.0121
630000,1387.1136,84.0455,295.4672
631000,1311.1860,80.2680,295.0308
632000,1232.1756,76.2159,292.7394
633000,1374.4440,83.2405,291.9841
634000,1406.8555,84.8954,291.9151
635000,1365.2909,82.8454,292.8968
636000,1356.8279,82.4812,292.2072
637000,1385.6728,83.9784,292.9530
638000,1360.5543,82.6378,293.5171
639000,1285.5417,78.8537,291.7815
640000,1410.3381,84.8389,288.2622
641000,1461.0633,87.6309,290.4579
642000,1363.2686,82.7706,294.0971
643000,1189.0326,73.9815,289.1649
644000,1391.1712,84.2693,293.1972
645000,1225.9795,75.6730,288.6463
646000,1334.0991,81.2704,291.9341
647000,1411.9557,85.0954,290.8403
648000,1325.3982,80.8400,290.0046
649000,1312.3058,80.1215,290.8309
650000,1310.4990,80.0292,291.9383
651000,1387.3399,83.8427,290.6780
652000,1323.2891,80.6341,289.7856
653000,1335.2461,81.2325,290.4140
654000,1357.2274,82.4845,292.3289
655000,1397.6840,84.6409,294.3281
656000,1271.6234,78.0644,288.1773
657000,1359.4848,82.4327,289.1253
658000,1366.0076,82.8072,291.6169
659000,1290.2127,78.8637,288.9444
660000,1394.5715,84.2496,291.8317
661000,1363.6536,82.7057,289.0366
662000,1307.5813,79.7717,289.3984
663000,1325.6970,80.9998,292.9827
664000,1299.5537,79.6299,292.8638
665000,1386.0264,83.8655,290.8712
666000,1421.4311,85.6546,290.3362
667000,1263.0945,77.7238,289.7383
668000,1350.4270,81.9720,289.7776
669000,1359.6440,82.5017,291.4671
670000,1378.2639,83.2794,286.0825
671000,1359.1302,82.3428,288.6106
672000,1349.4669,81.7911,288.2961
673000,1357.8508,82.4120,290.3847
674000,1390.6464,84.0709,288.7737
675000,1431.1721,86.0633,289.3954
676000,1367.2639,82.9005,290.9366
677000,1352.0474,81.8293,286.3213
678000,1325.7955,80.7859,288.2248
679000,1411.8012,85.0838,287.9691
680000,1443.6909,86.6045,286.6602
681000,1338.8260,81.2762,287.6107
682000,1379.9840,83.3634,288.3955
683000,1380.1445,83.4498,290.2141
684000,1432.7778,86.1302,288.1343
685000,1375.0060,83.1209,287.2468
686000,1469.8751,87.8514,287.6959
687000,1220.4946,75.3598,286.4659
688000,1431.6999,85.9811,288.7228
689000,1398.4026,84.5145,290.6716
690000,1401.4009,84.3910,288.3717
691000,1444.1203,86.7428,290.0693
692000,1379.1471,83.3415,286.9468
693000,1428.9383,86.0002,289.1886
694000,1367.4209,82.7690,288.0949
695000,1442.8875,86.6183,290.3152
696000,1403.9260,84.7200,290.4316
697000,1451.8881,87.1898,291.0977
698000,1404.8187,84.6065,287.9554
699000,1390.6986,84.0980,291.2736
700000,1455.1103,87.2107,288.1574
701000,1406.4088,84.7066,287.5136
702000,1359.5082,82.3809,289.2818
703000,1428.3934,85.8378,290.0561
704000,1267.3677,77.7851,287.8376
705000,1316.5220,80.1723,288.7989
706000,1410.1299,85.0373,290.3899
707000,1396.8455,84.3269,288.8866
708000,1456.3379,87.3936,290.2767
709000,1414.4512,85.4698,293.1423
710000,1423.6683,85.7451,290.2309
711000,1385.2980,83.9031,291.7375
712000,1462.7863,87.6294,291.4323
713000,1466.8206,87.7195,288.9047
714000,1473.4435,88.2181,290.5708
715000,1308.7162,79.9615,290.6909
716000,1452.3453,87.1521,291.8898
717000,1365.0670,82.7305,289.8881
718000,1449.1889,87.0613,292.2898
719000,1443.5179,86.6597,290.9960
720000,1441.9922,86.5840,288.8511
721000,1441.6494,86.6537,290.3848
722000,1365.1420,82.8090,290.4249
723000,1444.5237,86.8273,293.3134
724000,1335.6862,81.3743,290.1252
725000,1459.4747,87.6888,293.8526
726000,1460.6370,87.4080,288.9274
727000,1432.2561,86.2275,293.2155
728000,1477.7235,88.4794,291.7834
729000,1470.3444,88.0262,290.5969
730000,1446.8964,86.9270,292.3912
731000,1484.5310,88.9222,292.9005
732000,709.2193,49.4757,280.9336
733000,1480.6810,88.5999,292.8459
734000,1452.9061,87.1678,292.1357
735000,1304.2290,79.8201,292.1627
736000,1456.6766,87.3334,291.9282
737000,1522.9960,90.6819,291.1903
738000,1303.2015,79.7238,291.1668
739000,1512.4999,90.2104,290.4502
740000,1280.6208,78.4597,290.0466
741000,1537.7167,91.4855,292.5739
742000,1278.3224,78.5853,294.3651
743000,1461.1405,87.6208,291.8692
744000,1316.3532,80.5477,293.7142
745000,1447.5273,87.0403,291.6782
746000,1439.0507,86.6611,293.9107
747000,1422.7700,85.9629,295.3422
748000,1392.5546,84.1597,292.4297
749000,1444.0664,86.7515,291.5597
750000,1498.9101,89.4772,292.0663
751000,750.9290,51.6308,283.3801
752000,1448.8878,87.1216,292.9379
753000,1404.0567,84.6693,290.6807
754000,746.8406,51.1842,278.4501
755000,1581.4340,93.5911,290.7140
756000,1490.1383,89.0776,291.3567
757000,1483.0834,88.8154,291.7966
758000,1468.0670,87.8718,290.8060
759000,1485.6827,88.9163,291.6415
760000,1461.0145,87.5264,289.9645
761000,1523.7580,90.8200,291.1025
762000,1497.4582,89.6085,292.8279
763000,1523.4578,90.8240,294.5359
764000,1454.7665,87.4687,292.6385
765000,1470.6313,88.2635,294.7559
766000,1511.4629,90.3594,295.6389
767000,1486.7771,89.0442,293.2597
768000,1554.1467,92.4941,295.9147
769000,1406.7590,85.2247,296.4654
770000,1489.8848,89.2013,295.7190
771000,1470.6374,88.2834,294.8887
772000,681.6234,48.3952,285.7855
773000,1478.1675,88.6423,296.1218
774000,1049.1866,68.1545,312.8529
775000,1476.8552,88.6578,297.2069
776000,1414.4766,85.6041,296.8423
777000,1555.7148,92.7414,297.2305
778000,1482.0554,88.9161,297.0293
779000,1434.7330,86.4273,294.6228
780000,1438.4750,86.6708,296.0477
781000,800.7269,54.3882,287.3961
782000,1571.7850,93.2782,294.9792
783000,1501.9760,89.7711,294.1790
784000,1429.7985,86.1652,294.8796
785000,1341.3997,81.8152,295.7157
786000,1322.1324,80.7598,293.2684
787000,1507.4633,90.2118,295.2192
788000,1507.9223,90.1165,294.8336
789000,1528.7447,91.2294,296.2052
790000,1516.4584,90.4778,294.4701
791000,1557.6089,92.7503,297.7656
792000,1437.8675,86.7645,295.6501
793000,1581.8425,93.9886,297.1010
794000,1354.8903,82.5732,296.0905
795000,1505.3632,90.0213,295.2046
796000,1516.9622,90.6659,297.5535
797000,1579.6224,93.8039,298.1834
798000,1506.4486,90.2059,296.2674
799000,1322.5927,80.8948,295.6562
800000,1495.5517,89.6492,296.1957
801000,1540.0185,91.7812,294.8003
802000,1551.2624,92.3422,296.9394
803000,921.4132,60.5234,287.6645
804000,1516.5275,90.7067,298.6874
805000,1495.6338,89.6877,296.9665
806000,1427.4894,86.2718,298.2189
807000,1502.8839,90.0403,297.3507
808000,1501.6973,89.9390,296.2400
809000,1553.6826,92.6306,298.8603
810000,1506.0292,90.1458,297.8548
811000,1482.1374,89.0154,299.5193
812000,1382.9343,84.1391,299.0042
813000,1435.6906,86.6753,296.3725
814000,1474.6741,88.6879,298.6504
815000,1527.6427,91.3240,297.0493
816000,1525.2972,91.2151,297.1473
817000,1488.1147,89.4073,299.2124
818000,1277.3418,78.9261,299.3887
819000,1372.3202,83.5335,298.5472
820000,1518.7877,90.9412,300.8688
821000,1482.9932,89.1506,298.5925
822000,1236.9689,76.8928,300.0467
823000,1427.3841,86.6130,303.7310
824000,1477.1127,88.9117,300.2773
825000,1489.8758,89.7505,303.1845
826000,1462.2179,88.2264,302.4980
827000,1408.0678,85.3788,300.0302
828000,1545.6009,92.3292,301.3022
829000,1338.1959,82.2083,304.6616
830000,1459.3491,88.1163,304.3779
831000,1524.8891,91.4077,303.1657
832000,1538.7504,92.0224,303.0971
833000,1541.8965,92.2242,302.0411
834000,1562.6791,93.3297,303.2168
835000,1544.9225,92.3999,302.7687
836000,1427.1457,86.2115,298.5083
837000,1445.1807,87.2854,301.2530
838000,1583.7860,94.4009,302.5160
839000,1517.4512,91.0232,301.8117
840000,1514.6988,90.8158,300.0941
841000,1464.8575,88.4615,304.4454
842000,1532.8096,91.6641,301.6858
843000,1523.5729,91.2861,302.9093
844000,1487.2156,89.4752,301.2345
845000,1504.7221,90.3307,301.0680
846000,1481.0266,88.9972,299.4099
847000,1498.1673,90.0445,302.9025
848000,700.7724,49.0073,279.3070
849000,1543.2216,92.2662,300.2602
850000,1517.8424,90.7598,297.1299
851000,1188.1036,74.2133,295.6511
852000,1477.8302,88.8479,298.4971
853000,1473.0262,88.4205,297.1246
854000,1521.1322,91.0450,298.1526
855000,1303.8330,79.9435,294.3661
856000,1542.2803,91.8828,296.7510
857000,1450.8222,87.3171,296.6355
858000,1569.4909,93.3876,298.4135
859000,1486.7811,89.1663,295.6227
860000,1584.9318,94.1119,298.7338
861000,1592.5658,94.5608,297.1974
862000,1480.6233,88.9130,297.7839
863000,1537.5277,91.7820,297.3075
864000,1504.4700,90.1396,296.4711
865000,1570.2689,93.3265,297.3342
866000,1502.1620,89.8910,294.9333
867000,1514.6035,90.4231,295.3549
868000,1534.1705,91.4422,294.2400
869000,1551.0047,92.2793,293.4496
870000,1437.5038,86.5268,295.0242
871000,1426.8701,86.0036,293.8191
872000,1523.0637,90.8320,292.1315
873000,1592.5446,94.4524,297.0688
874000,1475.2128,88.6290,296.2622
875000,1426.9049,86.1890,295.0454
876000,1472.5003,88.3696,293.6535
877000,1522.8978,91.0282,295.7024
878000,1525.5577,90.9721,294.5203
879000,1517.6375,90.4284,291.4217
880000,1458.5832,87.6568,295.9064
881000,1596.4027,94.5810,295.0743
882000,1492.4409,89.3593,295.7975
883000,1495.7794,89.3755,293.3424
884000,1543.7173,91.9985,294.4867
885000,1545.5523,92.0514,295.6425
886000,1533.8767,91.4158,293.9639
887000,1450.0385,87.1420,293.5135
888000,1528.3045,91.0242,291.0410
889000,1210.4942,75.0378,289.8818
890000,1513.5530,90.2719,292.7231
891000,1531.2962,91.1638,293.7057
892000,1408.5773,85.0845,294.7109
893000,1489.0386,88.9538,291.4467
894000,1553.5698,92.4412,296.1059
895000,1530.7468,91.2191,294.1458
896000,1548.9389,92.1095,294.3900
897000,1423.0753,85.8476,295.6112
898000,1552.2418,92.2616,293.9376
899000,1573.5162,93.3506,295.2408
900000,1517.8328,90.6346,296.5931
901000,1565.2386,93.0568,295.0555
902000,1549.8372,92.1874,292.1629
903000,1603.9181,94.7273,291.5599
904000,1466.0043,87.8937,290.6873
905000,1414.7561,85.1179,288.9147
906000,1470.0214,88.0521,290.5440
907000,1549.9453,92.1744,291.7956
908000,1512.5430,90.1974,292.6570
909000,1624.4071,95.8998,292.4839
910000,1371.6442,83.2200,293.9636
911000,1596.0735,94.5009,294.0956
912000,1510.8992,90.1553,293.8458
913000,1557.2551,92.6804,295.6350
914000,1514.6864,90.4088,294.1533
915000,1484.3075,88.9202,293.9777
916000,1521.0815,90.8794,296.3317
917000,1535.8705,91.7215,298.2005
918000,1505.4282,90.1461,296.6217
919000,1425.1820,86.0584,296.0784
920000,1506.9706,90.2170,299.1531
921000,1421.5834,85.9668,297.3594
922000,1430.5860,86.5100,299.3062
923000,1563.9861,93.1920,299.4401
924000,1581.8766,94.0076,298.6056
925000,1514.2455,90.5521,297.2717
926000,1496.0954,89.5717,296.9820
927000,1549.8038,92.2647,297.4259
928000,1588.9707,94.3470,296.0568
929000,1595.1220,94.7603,298.4818
930000,1564.3271,93.2185,299.3449
931000,1576.6735,93.8888,299.3123
932000,1499.5727,89.9222,298.2727
933000,843.9300,56.0035,274.8182
934000,1526.2362,91.1904,298.8013
935000,1490.7198,89.3753,298.2736
936000,1454.1440,87.5386,297.4689
937000,1534.0963,91.5473,298.1035
938000,1566.5259,93.1049,297.2787
939000,1589.2021,94.4599,301.0713
940000,1484.5100,89.2666,299.2701
941000,1514.2258,90.4800,296.9863
942000,1425.7608,86.1371,298.4271
943000,1548.3579,92.3706,297.5453
944000,1400.8243,84.9680,297.3996
945000,1425.7733,86.0906,297.8557
946000,1545.2918,92.1410,296.5569
947000,1531.7879,91.5635,300.8224
948000,1486.8929,89.3716,299.8139
949000,1518.4944,90.9057,300.9992
950000,1302.3652,79.9012,295.9435
951000,1479.5929,89.0962,300.9136
952000,1516.7383,90.7291,298.9577
953000,1553.5825,92.7068,299.6443
954000,1537.0539,91.7319,298.4629
955000,1533.9033,91.6576,298.0907
956000,1357.8076,82.5641,295.1544
957000,1589.0795,94.3942,299.6804
958000,1525.0590,91.1973,299.5488
959000,1597.7301,94.8971,298.9165
960000,1446.9564,87.3257,298.7565
961000,1488.2884,89.3121,299.0237
962000,1547.3314,92.4717,300.1536
963000,1546.6185,92.2728,300.6076
964000,1567.3859,93.5131,302.4127
965000,1568.3226,93.4325,302.0284
966000,1546.0050,92.2537,299.7674
967000,1590.3926,94.5517,302.0707
968000,1543.7926,92.0702,298.0959
969000,1595.6833,94.7759,301.1227
970000,1553.9262,92.7317,299.5962
971000,1596.0630,94.7243,299.2132
972000,1561.9278,93.2249,300.7089
973000,1539.7869,91.9089,298.2395
974000,1442.5635,86.9260,297.8470
975000,1560.1699,92.8745,298.2423
976000,1499.5898,89.9581,299.2898
977000,1562.2932,92.9485,298.2832
978000,1563.3925,93.1125,299.0819
979000,1546.6959,92.4152,299.7895
980000,1586.6257,94.2022,298.8327
981000,1160.3352,73.0254,299.4803
982000,1539.9880,91.9226,299.6382
983000,1543.8897,92.2391,299.3742
984000,1544.8785,92.1523,299.0237
985000,1616.5421,95.7766,300.8720
986000,1476.9186,88.7714,299.9366
987000,1572.7292,93.8758,302.8900
988000,1604.7528,95.2968,301.1622
989000,1549.3300,92.5139,299.6078
990000,1421.8703,86.2711,301.7005
991000,1596.4444,95.0660,303.4701
992000,1516.4081,90.8829,301.5811
993000,1578.9676,93.9794,300.2269
994000,1389.7384,84.5511,300.0531
995000,1462.8941,88.2336,301.2160
996000,1542.4353,92.1285,300.5270
997000,1529.1946,91.5323,300.6244
998000,1496.9624,89.8646,300.4219
999000,1455.0724,87.6468,297.7333
1000000,1582.4997,94.2103,301.1473
1001000,1519.5311,90.9911,302.0744
