timestep,reward,distance,control_cost
1000,365.8326,-0.6734,314.1181
2000,315.7132,-1.7772,308.3459
3000,325.3121,0.3396,311.2183
4000,415.6890,1.4819,306.3163
5000,154.7948,1.3383,309.8168
6000,226.6481,-6.6798,303.3104
7000,321.9043,-1.1141,307.3100
8000,149.6428,2.0274,308.7798
9000,354.4963,-2.2299,309.6206
10000,365.2152,-1.4392,308.3512
11000,421.5189,0.8858,302.6910
12000,328.3811,-3.3901,302.6987
13000,283.5012,-5.7747,305.2983
14000,223.7471,-0.2041,297.8929
15000,-164.2034,-15.3729,307.7869
16000,155.5465,-5.3418,297.9229
17000,176.4647,-2.2532,303.4243
18000,273.3210,-2.0306,304.7216
19000,380.2688,0.5840,303.4957
20000,239.9526,-0.4164,303.1675
21000,366.1525,-1.8421,306.7545
22000,224.3037,-2.1103,305.5010
23000,343.9031,-1.5594,304.5930
24000,473.4315,7.2794,302.2186
25000,316.8483,-1.1922,306.4831
26000,84.0015,-3.1108,304.9203
27000,313.9660,-0.9652,306.6972
28000,381.3800,-1.2579,301.6758
29000,434.4993,3.2343,307.5696
30000,443.4166,4.8021,304.6508
31000,194.8235,-0.3462,303.9907
32000,401.3732,2.8853,301.1411
33000,473.8624,3.6392,299.4878
34000,352.0205,0.0331,298.7652
35000,393.0931,3.8764,298.7029
36000,389.8764,1.1467,298.9924
37000,444.9537,2.5567,302.7665
38000,428.4088,5.7719,294.2228
39000,436.9802,1.3985,302.9589
40000,432.6756,0.7510,302.7061
41000,493.2958,3.7288,296.5669
42000,323.9492,0.6800,297.7552
43000,-14.7767,-4.4279,298.8774
44000,477.1783,4.5443,290.8267
45000,454.1577,3.9706,303.6080
46000,417.6036,0.4592,298.9625
47000,425.7746,1.4097,292.6662
48000,405.2949,1.0759,296.1762
49000,499.2428,4.0490,296.3011
50000,476.6717,4.3492,299.7854
51000,506.0309,4.5655,292.6462
52000,113.3788,-5.2291,291.8689
53000,350.3259,-1.1320,289.7617
54000,430.1770,3.3880,290.0277
55000,375.9326,-0.0239,287.3180
56000,412.0089,2.1382,293.5074
57000,565.3123,7.0730,286.7936
58000,481.3494,3.1906,290.6098
59000,470.7285,3.8492,291.3567
60000,592.4326,8.4568,286.3475
61000,510.5709,4.6553,291.7286
62000,566.8038,9.4687,291.6650
63000,584.4872,8.5088,291.2961
64000,588.6070,8.2994,287.3552
65000,376.1528,1.3812,291.6557
66000,449.6795,2.2908,289.4732
67000,557.2852,8.8466,292.9414
68000,453.5626,3.7336,288.5357
69000,497.8158,7.6065,287.1127
70000,567.4735,6.8855,284.2209
71000,612.6068,11.6812,292.2721
72000,438.8303,6.6732,288.6804
73000,593.4982,8.3096,289.2684
74000,553.8215,9.4787,293.8505
75000,590.6289,8.1014,282.0819
76000,562.2580,8.9398,293.9720
77000,551.4841,8.7088,288.8886
78000,563.9730,7.0023,292.0211
79000,591.0368,7.8303,280.3146
80000,616.4251,9.0433,286.3166
81000,612.7229,8.9056,279.0706
82000,610.7885,8.9686,283.7005
83000,619.6921,12.3689,278.5538
84000,561.1399,8.7834,277.0028
85000,689.2213,12.3650,277.8930
86000,575.7033,9.3952,283.6540
87000,535.6179,6.0765,277.1458
88000,708.7161,13.5988,279.9816
89000,716.2003,14.2071,281.2255
90000,599.5591,8.7712,281.8644
91000,756.5442,16.2362,285.0836
92000,695.0656,14.1788,284.5939
93000,658.0159,11.6124,281.4541
94000,638.7014,13.6771,279.6018
95000,744.7497,16.3814,286.5989
96000,782.9416,17.0190,281.5925
97000,803.4733,19.4216,288.0577
98000,784.2042,18.3360,290.2436
99000,764.7160,18.2066,278.3860
100000,792.4871,18.4373,289.7004
101000,721.9789,16.1672,288.3525
102000,847.8666,21.0513,288.3545
103000,833.0924,20.7881,285.7495
104000,818.2205,19.0993,282.5044
105000,872.5338,23.1404,289.0493
106000,539.1288,8.7538,278.0637
107000,744.6322,16.9755,282.1660
108000,859.6308,22.0864,287.7239
109000,844.8352,22.8569,285.1019
110000,782.5411,18.4507,285.2290
111000,887.5672,23.8804,291.7514
112000,885.0184,22.7780,289.7477
113000,820.0041,19.7302,291.2411
114000,900.7085,24.9154,294.7012
115000,959.7055,28.0321,297.9512
116000,913.4793,24.7528,294.1854
117000,957.7275,27.4845,298.5185
118000,932.4274,25.8375,297.0301
119000,991.8552,28.6313,296.5427
120000,970.8016,27.5214,293.1472
121000,928.3618,25.2898,295.0895
122000,1016.0941,30.2168,299.2729
123000,1062.1164,32.6254,295.6289
124000,1074.1180,32.9015,298.5137
125000,955.3232,26.6871,296.6675
126000,870.0102,24.9139,301.1217
127000,998.9133,29.5418,300.2635
128000,895.4088,24.7960,301.9981
129000,1018.7608,30.5544,305.0945
130000,1102.2446,35.9286,302.3347
131000,976.6768,28.2899,299.6332
132000,1053.1480,32.0138,304.8192
133000,1044.2282,31.9332,304.2912
134000,1016.0439,30.7937,305.6619
135000,1016.7237,30.5642,301.8470
136000,1012.7715,30.5028,303.0336
137000,1027.0022,31.5295,299.1361
138000,912.1064,26.5722,304.0434
139000,1089.0428,34.3058,306.9906
140000,1012.5764,30.0466,303.1601
141000,1092.5103,34.5719,307.3332
142000,1181.4185,38.6663,307.6634
143000,1077.8985,33.7481,302.6004
144000,1076.4352,33.3291,307.9552
145000,1138.9328,36.5209,305.6682
146000,1091.7763,34.2038,303.3678
147000,1150.9440,37.5025,306.2373
148000,1071.2317,33.6368,306.5144
149000,1208.1223,40.1527,309.3689
150000,1128.8161,36.1520,311.2004
151000,1093.4846,34.5009,308.1395
152000,1036.9464,33.5548,308.1441
153000,1096.1584,34.6073,307.3598
154000,1112.9187,35.1661,305.7844
155000,1090.1665,34.2008,302.4127
156000,1100.5880,34.8936,306.8368
157000,1112.2632,35.2847,304.2890
158000,1181.1165,38.9528,306.8908
159000,1196.1861,39.7996,311.4516
160000,1131.8374,36.2048,306.4330
161000,1117.8567,36.3710,313.7376
162000,1112.9937,36.1206,308.6500
163000,1177.4087,39.0943,305.1717
164000,1202.6340,40.0179,308.2192
165000,1266.3230,43.1853,308.0564
166000,1175.5959,38.6793,302.3987
167000,1163.0345,38.2340,309.6624
168000,1309.2695,45.3362,311.4430
169000,1108.8995,35.3777,308.3704
170000,1228.6135,41.3788,304.5706
171000,1215.8664,40.7142,304.5244
172000,1260.2457,42.5252,306.1532
173000,1174.0500,38.2734,300.1586
174000,1212.9358,40.6033,305.5655
175000,1188.7911,39.1737,308.5256
176000,1267.4596,43.2830,304.4849
177000,1208.5454,40.7202,310.7477
178000,1249.0927,42.3743,304.7362
179000,1293.2953,43.9606,297.5304
180000,1305.7753,45.0395,307.0048
181000,1173.6689,39.2577,306.7410
182000,1098.3976,34.8264,300.1633
183000,1252.7973,42.2617,302.9687
184000,1336.7653,46.3457,299.9634
185000,1244.5501,41.5850,299.0523
186000,1265.0053,42.5272,300.0844
187000,1258.6194,42.7804,297.7791
188000,1303.7953,44.3031,297.6645
189000,1294.3465,44.3481,301.6026
190000,1308.2508,44.8659,300.3742
191000,1276.3132,43.3958,299.2011
192000,1367.0471,47.4545,296.2240
193000,1304.2985,44.6938,302.9938
194000,1439.7325,51.0210,296.0086
195000,1277.1608,44.0009,299.5186
196000,1295.3515,44.7432,302.5682
197000,1261.2621,42.4971,304.2289
198000,1387.9868,49.0434,301.9894
199000,1309.7650,45.5551,297.3647
200000,1411.2688,50.1290,302.5795
201000,1367.4437,47.4840,298.6983
202000,1361.4017,47.1568,298.5112
203000,1383.3209,48.5487,303.9703
204000,1281.0752,43.7968,297.5659
205000,1355.0099,47.3030,302.6763
206000,1311.6177,45.0254,302.3875
207000,1239.7260,42.2862,302.0990
208000,1345.4456,46.8057,303.7351
209000,1332.8280,46.1722,307.2358
210000,1355.3716,46.9966,299.1502
211000,1412.9428,49.9789,306.2657
212000,1361.6840,47.3813,300.6163
213000,1300.1098,45.4108,301.9598
214000,1404.8700,49.0958,297.7555
215000,1350.0997,46.7179,298.3262
216000,1497.9751,54.2985,300.4243
217000,1398.9185,49.1140,297.3429
218000,1411.4893,50.3123,304.9812
219000,1339.3590,46.1249,298.3026
220000,1447.4007,51.9483,304.2366
221000,1468.5472,52.7700,303.8066
222000,1448.5150,51.5461,303.7655
223000,1333.7024,46.3194,308.0899
224000,1439.5519,51.5938,305.2994
225000,1362.7343,47.6145,306.3443
226000,1409.1630,49.8653,302.6825
227000,1385.8967,48.6900,302.2734
228000,1425.3947,51.1772,305.6429
229000,1390.7592,48.5940,299.1465
230000,1384.0142,48.5572,299.6425
231000,1357.6937,47.0960,302.8285
232000,1402.2868,49.4167,301.6844
233000,1324.5953,45.9876,304.6891
234000,1385.7260,49.3046,300.6653
235000,1436.0798,51.0487,301.5848
236000,1372.5726,48.3358,305.6927
237000,1389.4936,48.9843,305.4453
238000,1451.1977,52.1328,297.0002
239000,1413.4039,49.1856,292.5848
240000,1453.1765,52.0781,298.9295
241000,1482.3226,53.3111,299.0119
242000,1476.2943,52.7050,294.3546
243000,1444.3142,51.3262,298.7835
244000,1421.8920,50.1488,299.1119
245000,1577.9944,57.7842,295.6723
246000,1529.3286,55.6553,298.1102
247000,1540.2987,55.8472,292.7347
248000,1443.1788,51.5274,296.9249
249000,1504.8917,53.8953,296.3103
250000,1583.8303,57.7419,295.1078
251000,1584.6534,57.9419,297.6668
252000,1459.6636,52.0650,296.7094
253000,1442.8762,51.3526,298.5108
254000,1556.6071,57.0301,299.1043
255000,1490.9590,54.0139,296.0302
256000,1459.7119,51.6755,294.7462
257000,1529.2364,55.4145,295.7280
258000,1507.6598,54.5544,291.3258
259000,1311.8482,45.8813,293.2208
260000,1363.4977,47.9755,297.9769
261000,1612.0233,59.1908,293.5708
262000,1470.9647,52.9761,297.3425
263000,1411.0148,49.3955,293.4073
264000,1477.2614,53.1614,291.4890
265000,1094.7582,35.2159,285.6883
266000,1555.8334,56.8742,299.7645
267000,1529.6546,54.9008,291.2132
268000,1412.6818,50.0387,290.1393
269000,1605.7676,58.8394,294.3114
270000,1516.8776,54.8244,294.7983
271000,1527.9882,55.5250,297.1402
272000,1447.5863,51.8553,295.4974
273000,1465.6777,52.3824,293.5164
274000,1606.5697,58.8487,289.9734
275000,1597.3930,58.2625,293.0483
276000,1483.9562,52.5418,289.4280
277000,1617.3488,59.2994,290.4234
278000,1599.6331,58.6954,292.5422
279000,1570.0508,57.4645,295.1840
280000,1607.7999,59.2766,297.4766
281000,1583.4317,58.0644,295.8222
282000,1616.9991,59.5346,294.9109
283000,1528.5364,55.0956,292.1482
284000,1658.8619,61.4609,292.9780
285000,1670.3114,62.3107,295.5745
286000,1608.0490,59.0121,293.2624
287000,1600.4262,58.7535,294.7972
288000,1617.2587,60.1794,300.1435
289000,1700.6327,63.9144,295.6158
290000,1643.8408,60.8983,296.7738
291000,1652.2477,61.8913,296.9299
292000,1653.3939,61.5011,294.8485
293000,1482.9263,54.0217,291.0790
294000,1595.6337,58.4959,295.0603
295000,1620.5724,60.2824,296.0940
296000,1598.0762,58.4556,292.3937
297000,1559.7541,56.8467,293.6375
298000,1490.6446,53.4446,294.4354
299000,1549.1511,56.5502,293.0424
300000,1517.4482,54.7697,291.3925
301000,1655.3244,61.3662,293.0142
302000,1590.2533,58.6770,294.1695
303000,1717.7182,64.6763,292.7005
304000,1655.3266,61.7578,294.2999
305000,1633.1214,61.1457,293.6802
306000,1664.1440,61.6800,294.1659
307000,1680.0927,63.1127,298.2008
308000,1696.2657,63.5996,296.0620
309000,1676.1312,62.4382,292.7377
310000,1523.7310,55.6841,297.1201
311000,1720.9820,64.8443,297.4921
312000,1499.5444,54.5550,294.1333
313000,1577.6894,58.0626,295.6669
314000,1659.5827,62.0746,298.9085
315000,1743.9262,66.1965,293.6700
316000,1675.0330,62.9426,295.3751
317000,1686.3243,62.8455,294.4995
318000,1717.7563,64.4718,293.8306
319000,1630.2715,60.1381,295.1913
320000,1705.5817,63.9257,293.0539
321000,1694.6408,63.3964,296.2374
322000,1710.3312,64.2089,292.1950
323000,1671.5085,62.1112,293.5629
324000,1699.6512,64.4574,296.2270
325000,1753.1056,66.4465,294.3045
326000,1653.2385,61.3962,295.0106
327000,1760.8172,67.1871,299.8855
328000,1671.3492,62.3976,296.3799
329000,1244.4734,41.3496,289.7621
330000,1698.3522,63.7883,291.6690
331000,1600.5703,58.9159,294.1092
332000,1734.9266,65.7940,295.7930
333000,1743.4220,65.8749,295.2737
334000,1812.0471,69.4019,297.2544
335000,1716.0958,64.6981,297.1827
336000,1772.0541,67.3458,294.4177
337000,1772.4355,67.5206,296.7955
338000,1714.4447,64.7865,297.1591
339000,1751.5885,66.3527,296.5059
340000,1624.7369,60.7965,299.2324
341000,1764.8968,67.2277,294.7308
342000,1740.7466,66.0181,297.0436
343000,1779.1657,68.0596,300.4444
344000,1792.8506,68.1414,296.3865
345000,1867.3381,72.2196,297.7985
346000,1760.3402,66.8963,292.0853
347000,1778.1652,67.8976,296.2848
348000,1804.9286,69.3440,302.5002
349000,1824.5460,69.9927,297.3604
350000,1848.5818,71.4737,297.6402
351000,1843.4469,71.0693,297.0654
352000,1726.7610,65.5499,296.9147
353000,1709.8787,64.9503,299.0837
354000,1790.6301,68.6578,301.1137
355000,1780.2359,68.7123,300.0231
356000,1799.3258,68.5598,293.2154
357000,1853.1995,71.6850,300.0188
358000,1834.6984,70.8097,300.1576
359000,1822.4346,70.0842,298.5997
360000,1823.0784,70.2085,297.5507
361000,1872.5475,72.7550,300.2188
362000,1857.0242,71.8659,300.2751
363000,1836.8331,70.9068,297.6226
364000,1825.8910,70.7713,303.9727
365000,1801.0081,69.3351,300.2758
366000,1824.5033,70.3658,297.1119
367000,1840.3539,71.2128,299.6642
368000,1834.5136,70.7144,297.0611
369000,1863.7671,72.3858,302.9351
370000,1857.8089,72.0072,299.3867
371000,1855.0353,71.9732,300.3541
372000,1859.5459,72.0622,297.5111
373000,1867.9844,72.5805,301.2062
374000,1902.0822,74.0889,298.8511
375000,1846.2293,71.2683,299.0980
376000,1858.7584,71.9827,296.5976
377000,1893.8151,73.8727,301.5259
378000,1826.6681,70.1261,298.6121
379000,1842.5153,71.4348,295.5576
380000,1849.2981,71.7283,300.9480
381000,1859.2094,72.5077,304.6607
382000,1787.1611,68.8588,303.6021
383000,1776.4802,68.0725,300.1650
384000,1817.3193,70.1929,301.6597
385000,1851.5240,71.8329,301.6338
386000,1945.8143,76.4073,301.0885
387000,1849.9013,71.4049,299.0468
388000,1933.0187,75.8944,303.1861
389000,1863.3615,72.6739,304.9208
390000,1970.1665,77.5958,300.3165
391000,1899.4053,74.2290,303.0211
392000,1857.6207,72.7361,305.9215
393000,1933.6005,75.9345,302.4028
394000,1888.8465,73.5936,302.1948
395000,1871.3397,73.0698,299.6884
396000,1886.0993,73.5065,302.1902
397000,1854.4025,72.2490,301.9399
398000,1883.5368,73.5967,304.5044
399000,1967.8798,77.6834,304.0786
400000,1936.4824,76.2409,301.4762
401000,1948.8515,76.7443,302.3930
402000,1883.5711,73.3926,300.5645
403000,1940.5219,76.5507,305.1672
404000,2020.3328,80.1634,300.8105
405000,1723.7134,66.8440,299.7134
406000,1930.6399,75.9920,305.5965
407000,1894.4428,74.3454,309.0441
408000,2012.1047,80.0177,306.0396
409000,1989.6742,79.0866,306.5391
410000,1941.4030,76.3196,304.3996
411000,1987.4894,78.4041,301.4267
412000,1949.4461,77.2885,306.7677
413000,1973.8621,77.8975,301.1571
414000,1954.0864,77.0119,305.4141
415000,1997.3931,79.3388,307.1050
416000,1992.6359,79.3725,308.7335
417000,1980.8988,78.4739,306.5416
418000,1946.5308,76.7388,304.2147
419000,2038.9854,81.2700,304.3827
420000,1993.5058,78.9980,304.7788
421000,1986.5553,78.4914,303.2550
422000,1994.7140,79.6399,303.9752
423000,1940.0445,76.7613,308.7764
424000,1979.3097,78.2939,303.8828
425000,2021.5576,80.5639,304.0642
426000,1980.3866,78.2074,301.8668
427000,2068.1581,82.8568,303.3618
428000,1998.8599,79.6081,302.3347
429000,2007.3720,79.8581,304.3228
430000,1890.4893,74.5314,299.9367
431000,1904.1497,75.0286,305.5899
432000,1994.5519,79.0883,303.3736
433000,2016.5962,80.5555,305.8135
434000,2005.8034,79.7641,304.0114
435000,1979.9758,78.3780,303.6007
436000,2044.6821,81.8403,307.6655
437000,1998.5347,79.4218,306.9192
438000,1958.6565,77.8111,307.7242
439000,2078.6143,83.1396,302.6497
440000,2072.0985,83.2666,306.2644
441000,2033.6757,80.9762,304.2532
442000,2054.5237,82.2545,309.0497
443000,1975.7491,78.8278,304.3757
444000,2048.1366,81.5427,301.6582
445000,2117.5155,85.2153,305.5960
446000,1969.6247,78.5029,303.9432
447000,2000.0542,79.5843,306.4393
448000,1961.8587,78.7957,308.2695
449000,2048.9576,81.9832,305.5520
450000,1974.6628,79.0651,302.2322
451000,1693.5231,65.1053,300.8391
452000,2092.9923,84.0302,305.6921
453000,1958.4180,77.5316,304.6428
454000,2036.0637,81.1135,305.6016
455000,1933.9980,76.8854,305.1092
456000,2075.7450,83.4689,307.8674
457000,2054.6493,82.3257,304.9941
458000,2097.8515,84.6029,306.5761
459000,2045.9440,81.9941,305.9700
460000,2051.9326,82.7877,311.4982
461000,1996.8897,79.4087,307.5816
462000,1990.4145,79.1658,308.2843
463000,2013.6131,80.3097,309.1094
464000,2048.3570,82.0433,307.7833
465000,2047.8001,82.1806,309.9027
466000,2116.5394,85.4782,307.0047
467000,2058.2278,82.8677,312.2778
468000,2000.6767,80.1252,311.2922
469000,2067.1857,83.2949,309.1372
470000,2128.7218,86.1375,312.2077
471000,2003.1335,80.5077,311.3252
472000,2068.9311,83.0485,308.2349
473000,2059.5992,82.5188,306.3378
474000,2082.2615,83.9074,308.1208
475000,1978.1033,79.0948,305.2500
476000,2022.9203,80.9015,309.5283
477000,2070.6233,83.3050,310.0444
478000,2092.3771,84.2427,307.4921
479000,2004.7878,80.2801,310.0710
480000,2136.5845,86.2626,304.9276
481000,2082.4113,83.6675,305.9598
482000,2107.9880,84.8189,306.6154
483000,2086.1744,83.8227,306.2651
484000,2147.9347,87.2878,311.7195
485000,2091.1352,84.2038,306.9530
486000,2051.4203,82.5207,309.3617
487000,2065.2061,82.9516,307.6351
488000,2112.5139,85.3628,309.7771
489000,2165.6357,88.2441,309.6541
490000,2085.4266,84.1524,307.3230
491000,2100.1555,84.7054,306.3931
492000,2133.5337,86.1895,305.9916
493000,2100.5397,84.9845,308.3676
494000,2097.3437,84.4272,304.7277
495000,2114.6264,85.7415,303.7776
496000,2017.4102,80.7675,307.1480
497000,2143.9741,86.6837,305.3498
498000,2051.1578,81.9062,303.7706
499000,2099.6209,84.3938,305.9031
500000,2183.3415,88.6212,307.1908
501000,2145.1287,86.6619,306.6097
502000,2085.4374,83.7283,308.2641
503000,2071.0710,83.0818,303.5756
504000,2047.3704,82.2433,306.7163
505000,1899.6425,76.1331,302.1767
506000,2073.6040,83.2146,306.2348
507000,2134.3282,86.5838,306.8912
508000,2057.8491,82.4625,306.7346
509000,2150.2440,86.7559,301.5441
510000,2048.8805,81.9136,302.2915
511000,2127.0494,85.7421,304.3059
512000,2056.8742,82.7473,305.3250
513000,2112.8837,85.2667,302.6837
514000,2096.9189,84.7481,300.2131
515000,2149.8459,87.1720,306.8850
516000,2208.9106,89.8169,302.7278
517000,2105.1095,85.2495,307.1029
518000,2180.8380,88.5225,299.4895
519000,2160.5715,87.3757,299.7869
520000,2136.2822,86.4498,303.0270
521000,2200.4778,89.2870,301.8005
522000,2066.3975,83.0837,302.5688
523000,2151.6651,87.0368,300.8278
524000,2136.2186,85.8553,297.1096
525000,2101.3047,84.7200,304.6897
526000,2235.3354,90.8522,300.3275
527000,2156.4718,87.6974,302.5421
528000,2131.7692,85.9044,303.5828
529000,2123.4079,85.5044,300.3806
530000,1961.4360,77.5461,296.5197
531000,2110.8410,84.5958,299.6394
532000,2147.2284,86.5018,301.2600
533000,2117.7173,85.2918,305.5272
534000,2141.7594,86.6648,303.1397
535000,2096.4714,84.2993,303.0431
536000,2108.7954,84.9566,304.2289
537000,2181.5249,88.5170,302.8243
538000,2090.4096,83.6280,301.3862
539000,2134.7409,86.4946,302.9615
540000,2129.7982,85.8625,299.2746
541000,2096.6983,84.1547,301.5754
542000,2153.9731,87.2571,302.5602
543000,2194.7259,89.0384,301.7958
544000,2119.3941,85.2660,300.4759
545000,2154.2617,87.0635,303.6676
546000,2118.7128,84.8939,296.0347
547000,2133.5756,85.6678,296.9651
548000,2153.2612,86.7806,299.2471
549000,2051.7431,81.8723,299.0349
550000,2097.5401,84.0070,297.8030
551000,2156.3037,86.9421,298.1054
552000,2186.9525,88.6745,296.8779
553000,2100.5399,83.9947,297.2005
554000,2122.8802,85.0728,294.6696
555000,2075.5044,82.7989,297.3024
556000,2031.2923,80.5881,291.9708
557000,2157.4275,87.3696,297.4315
558000,2168.8939,87.2323,293.2526
559000,2159.9841,87.0532,294.9859
560000,2202.9436,88.9819,296.0802
561000,2017.8373,80.1882,296.3482
562000,2049.3607,81.3515,292.7354
563000,2124.3176,85.5264,295.7664
564000,1877.6410,74.1096,294.0536
565000,2069.4701,82.8590,295.9099
566000,2132.1625,85.5200,294.9017
567000,2133.9181,85.5530,296.0897
568000,2169.8613,87.2502,295.6027
569000,2098.2304,84.0463,296.7201
570000,2173.4144,87.3405,292.4650
571000,2220.8397,90.0138,298.0221
572000,2153.2400,86.9049,295.6574
573000,2158.4723,86.8690,297.1270
574000,2214.5778,89.2759,291.3849
575000,2167.1964,87.2602,295.4257
576000,2118.6782,85.0614,297.2097
577000,2119.6833,85.2193,295.1144
578000,2192.6787,88.6383,298.1907
579000,2053.0940,81.9995,299.1612
580000,2199.6512,89.2572,299.0816
581000,2192.2354,88.5252,298.2637
582000,2162.4621,87.0320,298.9812
583000,2218.9608,90.0758,298.4546
584000,2143.3425,85.9319,294.9785
585000,2139.4707,85.8441,297.7608
586000,2125.3016,85.3225,295.7088
587000,2124.6904,85.3549,295.9691
588000,2153.5944,86.8256,297.3286
589000,2178.2676,88.1155,294.7635
590000,2227.2189,90.3381,294.8886
591000,2143.7946,86.0167,294.2705
592000,2114.6731,84.6217,293.1222
593000,2174.3498,88.1896,297.0067
594000,2154.6640,86.8041,296.5261
595000,2225.6032,90.3107,297.0292
596000,2054.4643,82.4046,294.2880
597000,2108.2738,84.9250,297.2717
598000,2096.9463,84.2302,297.1769
599000,2135.5927,86.2431,298.1000
600000,2145.0948,86.5201,300.6647
601000,2257.1821,91.9242,295.7457
602000,2238.6742,90.8072,297.3729
603000,2190.9486,88.3659,294.1238
604000,2064.1689,83.0020,293.0692
605000,2117.2367,85.2057,294.5946
606000,2238.1800,90.9026,295.7679
607000,2187.5286,88.4928,296.0090
608000,2168.2080,87.3708,291.7957
609000,2219.0697,89.8677,295.7960
610000,2249.7594,91.3205,293.6344
611000,2138.7131,86.1340,292.6108
612000,2205.5943,89.1128,295.2609
613000,2146.3326,86.4333,291.8916
614000,2102.3532,84.2079,292.8309
615000,2054.3552,81.5084,286.2785
616000,2138.4533,86.1572,291.6347
617000,2117.2226,85.2045,294.4883
618000,2210.5370,89.4829,294.2318
619000,2202.6726,89.1530,295.5846
620000,2161.0732,87.0065,291.9491
621000,2229.4525,90.7128,297.5826
622000,2106.4408,84.8804,297.2680
623000,2105.0534,84.7219,297.9635
624000,2064.5344,82.9017,296.0989
625000,2150.3490,86.8416,294.8778
626000,2247.9849,91.3670,297.2604
627000,2141.0803,86.5218,293.7985
628000,2153.6897,86.5344,293.3915
629000,2195.8062,88.8767,297.7332
630000,2099.8763,84.2608,291.7640
631000,2208.9936,89.7095,297.0211
632000,2107.0224,84.7809,295.4265
633000,2132.4170,85.8443,296.4276
634000,2035.5736,81.3667,294.8517
635000,2148.8366,86.5790,294.0093
636000,2162.6981,87.3672,298.8356
637000,2147.4145,86.6935,296.7023
638000,1984.9319,79.0320,292.5880
639000,2109.0454,84.7229,296.7708
640000,2148.1232,86.6450,299.7350
641000,2090.3637,84.5920,297.5578
642000,2104.8639,85.1251,297.5566
643000,2139.2265,86.2803,296.0458
644000,2193.9806,88.7902,297.0075
645000,2242.1198,91.4979,300.8810
646000,2154.5830,87.6286,293.5534
647000,2208.4668,89.6930,302.0295
648000,2161.6075,87.3192,299.0223
649000,2237.4462,91.1232,299.6669
650000,2079.2830,83.6089,292.5654
651000,2200.9929,89.0360,297.0673
652000,2231.7333,90.6076,295.8100
653000,2021.9470,80.6832,294.2023
654000,2220.1665,89.9137,295.8103
655000,2187.6455,88.6041,294.7915
656000,2173.5249,87.9648,294.8417
657000,2119.5455,85.6040,295.9463
658000,1985.1227,78.7717,294.1095
659000,2148.3956,86.4945,295.9069
660000,2261.8681,91.9893,296.2026
661000,2210.6219,89.7791,299.0149
662000,2147.0608,86.9972,296.1420
663000,2196.9592,88.7389,296.1664
664000,2181.0775,88.9529,297.3733
665000,2274.7625,92.6856,296.4761
666000,2212.4079,89.7572,295.5339
667000,2192.2954,88.6484,296.7026
668000,2153.8646,87.4116,295.9586
669000,2132.1610,86.4807,295.0062
670000,2227.0577,90.5339,300.5237
671000,2139.8003,86.1403,297.9564
672000,2242.1848,91.4704,301.5281
673000,2230.5249,90.5703,296.7755
674000,2201.4631,89.1411,298.1798
675000,2052.5749,82.2903,298.2599
676000,2291.5008,93.5595,297.7011
677000,2182.6157,88.8315,297.9759
678000,2247.1527,91.4235,297.2972
679000,2198.9828,89.1857,295.5917
680000,2073.7639,83.1632,296.3966
681000,2239.1864,90.9011,295.1503
682000,1895.0206,75.1272,291.2707
683000,2201.6322,89.2525,299.2595
684000,2153.1117,87.3000,295.9364
685000,2215.6991,90.0652,296.8899
686000,2243.0889,91.3402,299.0148
687000,2192.7020,89.0160,295.1527
688000,2114.2820,85.5777,295.0595
689000,2080.8967,83.4587,295.0489
690000,2153.2115,87.6703,295.4563
691000,1982.7961,79.3666,295.2309
692000,2226.0777,90.6319,296.5757
693000,2239.8428,91.1871,298.3416
694000,2249.8972,91.6149,298.5082
695000,2070.3450,83.0487,292.7709
696000,2243.4225,91.3158,294.6421
697000,2022.9313,81.2041,290.9692
698000,2231.8142,90.5502,295.3147
699000,2152.4506,86.5036,291.8130
700000,2208.1156,89.7829,294.3881
701000,2178.2926,87.7115,291.2834
702000,2148.1987,86.1697,293.1206
703000,2232.2962,90.2312,291.2168
704000,2172.0555,87.1053,290.1201
705000,2275.6646,92.4737,293.5447
706000,2223.6508,89.9574,294.8144
707000,2213.5145,89.4568,294.6141
708000,2218.5603,89.5377,293.1859
709000,2262.9133,92.1085,297.7044
710000,2264.4570,91.9066,296.2010
711000,2203.6245,89.5628,298.8947
712000,2210.7697,89.4652,297.0076
713000,2187.7763,88.4545,297.0424
714000,2233.0602,90.7343,299.6109
715000,2177.0807,87.9889,299.5077
716000,2187.3628,88.6859,299.2740
717000,2204.1419,89.3718,300.8313
718000,2070.6299,83.3807,300.6127
719000,2235.0460,91.0561,297.7508
720000,2216.1880,90.1128,298.5152
721000,2211.3508,89.7241,300.6434
722000,2222.2785,90.6570,304.8783
723000,2066.1290,83.2732,300.5347
724000,2260.1362,92.2631,304.2520
725000,2241.6558,91.3132,301.4605
726000,2222.3897,90.4635,302.4806
727000,2259.5944,92.4398,304.3930
728000,2182.1446,88.4851,305.8713
729000,2273.0197,93.0046,306.7615
730000,2197.6014,89.4048,306.3524
731000,2069.4418,83.6058,300.8760
732000,2162.7182,87.6373,305.8685
733000,2237.5978,91.2281,304.8878
734000,2230.4303,91.1564,306.4122
735000,2120.8066,86.1947,303.4805
736000,2200.8768,89.8724,309.0788
737000,2230.3320,91.1567,305.3187
738000,2226.4900,90.3635,301.4099
739000,2189.5994,88.8217,302.4452
740000,2175.6927,88.1983,304.0268
741000,2070.7394,83.4871,303.6046
742000,2100.8186,85.9957,303.2214
743000,2188.6888,89.3532,302.2572
744000,2249.7094,91.8846,304.6913
745000,2193.9339,89.2854,306.9217
746000,2268.6529,92.7417,305.2422
747000,2249.6864,92.0758,308.0254
748000,2238.2438,91.4312,305.1586
749000,2298.7402,94.5373,309.6638
750000,2173.5402,88.4026,303.9346
751000,2260.9294,92.6053,309.3261
752000,2154.7336,87.1715,304.1535
753000,2240.0538,91.3279,304.3940
754000,2222.1945,90.6083,302.1532
755000,2190.4916,88.6206,300.2767
756000,2242.6964,91.5147,303.8862
757000,2242.8186,91.3700,300.4198
758000,2118.4470,85.7292,303.8083
759000,2240.6336,91.3129,302.2310
760000,2226.2201,90.6139,301.6247
761000,2271.3540,92.9450,306.5474
762000,2217.6691,90.4903,306.2741
763000,2227.3578,90.8057,304.9263
764000,2221.9356,90.4688,305.3101
765000,2300.4976,94.4061,305.7359
766000,2150.7504,87.3403,303.3413
767000,2238.7845,91.1983,305.0323
768000,2079.8717,84.4829,303.6903
769000,2164.5688,87.7846,303.0129
770000,2221.9752,90.3908,304.9527
771000,2265.8676,92.3760,303.6056
772000,2230.5651,90.9027,302.1898
773000,2243.5668,91.6728,308.6286
774000,2138.1052,86.9181,306.9986
775000,2311.3484,94.9372,305.2409
776000,2096.9337,84.9887,303.4681
777000,2211.2715,90.0185,303.3885
778000,2255.5484,92.0279,303.1902
779000,2049.7782,82.4847,302.3756
780000,2253.7663,91.9689,305.6959
781000,2178.8128,88.9134,305.9972
782000,2258.0579,92.1680,304.2680
783000,2268.8215,92.4178,301.7702
784000,1937.4681,76.8034,299.9196
785000,2218.8306,90.2160,300.1737
786000,2206.7202,89.4558,303.2825
787000,2214.9734,89.6265,298.8690
788000,2093.0681,84.1368,298.9718
789000,2194.1962,88.8391,299.8802
790000,2174.2789,88.1921,300.3915
791000,2297.7048,93.9850,301.2792
792000,2303.5966,94.3537,303.6005
793000,2219.8110,90.4158,302.8268
794000,2203.1904,89.7791,301.5340
795000,2176.0349,88.5834,301.1140
796000,2168.9674,87.6178,302.9032
797000,2309.9190,94.8829,304.7933
798000,2208.7047,89.5897,301.9864
799000,2288.2248,93.8538,303.5534
800000,2282.4706,93.2356,301.4743
801000,2279.6947,93.4409,308.6644
802000,2305.3760,94.4301,304.0770
803000,2256.7754,92.4027,305.2375
804000,2277.0524,93.0285,303.3050
805000,2290.9011,94.0363,304.4415
806000,2246.1563,91.8825,303.6731
807000,2224.3874,90.3806,305.2444
808000,2105.4319,85.5278,300.5970
809000,2228.4261,91.3949,306.8477
810000,2290.7169,94.1362,305.0356
811000,2260.6672,92.6472,306.2945
812000,2279.9632,93.7107,306.1746
813000,2314.6986,95.2952,308.8307
814000,2055.9075,83.1168,305.2745
815000,2230.4847,91.3553,308.1357
816000,2291.5914,94.2529,307.0773
817000,2246.4859,91.8369,307.8197
818000,2328.2046,95.7770,306.9169
819000,2265.0904,93.0133,306.8964
820000,2296.0172,94.4362,308.3013
821000,2348.1357,97.2397,310.1176
822000,2296.8853,94.5520,310.1728
823000,2219.1214,90.9014,308.4667
824000,2344.9622,96.9137,308.9942
825000,2279.9389,93.9522,311.6408
826000,2287.4339,94.2062,309.7277
827000,2358.7812,97.7008,312.4727
828000,2110.6988,85.9317,308.0189
829000,2234.8560,91.4669,309.8661
830000,2258.7375,92.7649,308.1918
831000,2222.3010,91.2420,309.6012
832000,2259.7989,93.1417,308.6035
833000,2272.4338,93.3416,312.0746
834000,2349.0422,97.1059,310.6158
835000,2353.1544,97.4076,310.6900
836000,2244.0036,92.1028,309.7817
837000,2287.3252,94.4398,309.8088
838000,2343.3678,96.9504,310.0618
839000,2269.3484,93.3303,312.0081
840000,2208.1309,90.6028,305.7102
841000,2308.8675,94.8607,308.4603
842000,2296.0936,94.4519,309.3706
843000,2304.5650,94.8548,309.0057
844000,2333.0120,96.4531,307.6931
845000,2332.9850,96.3147,307.6523
846000,2277.1743,93.6423,309.8822
847000,2028.4343,82.2349,307.5025
848000,2287.6597,94.3950,309.1424
849000,2298.4761,94.4910,310.2095
850000,2170.2466,88.5996,307.0443
851000,2327.5585,95.8878,308.7321
852000,2321.1144,95.8164,307.1317
853000,2227.1428,91.2990,310.8382
854000,2283.2730,94.3633,311.7847
855000,2204.9662,91.3124,305.3113
856000,2300.7249,94.6829,310.4551
857000,2326.2520,96.2252,312.4496
858000,2269.2577,93.9772,310.9138
859000,2227.3569,91.1834,309.4954
860000,2345.5170,97.0583,311.7420
861000,2337.2682,96.4591,308.1687
862000,2373.1862,98.4331,310.4205
863000,2217.4640,90.9273,308.1731
864000,1757.7833,69.6157,301.6582
865000,2210.8144,90.5871,309.6414
866000,2271.7848,93.5357,308.0119
867000,2123.1053,86.7269,305.1354
868000,2351.6882,97.2250,307.4796
869000,2228.3923,91.4686,306.7193
870000,2269.3766,93.3928,307.7104
871000,2257.4688,92.6951,311.4505
872000,2240.0243,91.8547,309.5286
873000,2215.8739,90.6616,309.1024
874000,2213.9106,90.8535,309.3894
875000,2278.9689,93.8258,306.7480
876000,2268.2010,92.9237,307.6152
877000,2310.1499,95.6080,305.7407
878000,2167.9577,88.1638,303.4298
879000,2318.9700,95.5073,306.1178
880000,2302.0733,94.9343,308.2991
881000,2272.6687,93.2618,306.4933
882000,2362.3348,97.7207,308.3243
883000,2290.2297,94.2875,306.9412
884000,2295.8750,94.4004,308.1267
885000,2134.6743,87.3800,305.5308
886000,2306.1468,95.0600,309.2658
887000,2279.6827,93.6867,305.6833
888000,2350.0398,97.0591,307.7897
889000,2329.3975,96.1296,306.9362
890000,2148.3676,87.8196,306.6545
891000,2155.7220,87.8430,306.5996
892000,2263.3663,92.8191,308.9214
893000,2287.1469,94.1882,308.6598
894000,2175.2362,88.9830,306.1656
895000,2245.8729,92.5623,307.4136
896000,2199.9526,90.1543,307.9425
897000,2205.7242,90.4897,307.2766
898000,2291.0386,94.2062,306.8009
899000,2313.1048,95.3297,307.7929
900000,2309.3840,95.2180,309.0406
901000,1912.0753,76.6038,308.1353
902000,2342.8184,97.0241,310.2330
903000,2266.5146,92.9862,307.4619
904000,2243.2742,91.7326,307.8115
905000,2272.6007,93.5728,311.2928
906000,2289.1569,94.3554,311.3215
907000,2278.9772,93.9000,311.6965
908000,2157.1896,87.8978,310.0101
909000,2331.1980,96.1937,308.2225
910000,2266.4159,93.1426,306.6849
911000,1882.5318,75.5641,301.7382
912000,2308.8363,95.1739,308.3146
913000,2290.0409,94.0116,308.3384
914000,2338.0865,96.5054,309.3883
915000,2246.2464,92.1139,311.5279
916000,2291.6309,94.1715,307.4524
917000,2271.4402,93.3974,310.2562
918000,2285.4226,94.1236,307.6863
919000,2327.2770,96.0455,309.4215
920000,2304.8176,94.9405,310.1004
921000,2302.0005,94.8620,308.6328
922000,2263.7785,92.8637,309.2102
923000,2360.3687,97.5665,309.4144
924000,2303.5491,94.7579,309.1782
925000,2357.0118,97.4306,308.6191
926000,2271.0141,93.3516,311.4661
927000,2338.5006,96.6561,309.9291
928000,2323.7987,95.9122,309.8150
929000,2360.6668,97.7368,309.4327
930000,2282.7568,93.4603,306.2624
931000,2238.4788,91.7278,307.8446
932000,2276.3598,93.4261,308.2425
933000,2315.0174,95.2954,306.0168
934000,2308.0002,95.0374,306.9270
935000,2315.3412,95.5537,307.3874
936000,2255.5770,92.6633,306.2050
937000,2382.8320,98.5765,303.0649
938000,2370.3434,98.0597,306.8782
939000,2286.8093,94.0692,305.4092
940000,2248.6753,92.4804,307.6876
941000,2364.8947,97.7685,306.3648
942000,2347.7561,96.6137,303.7356
943000,2318.4952,95.2848,303.7489
944000,2289.4694,93.8890,302.4097
945000,2214.1566,90.5474,302.9167
946000,2253.0299,92.0609,301.3786
947000,2295.7252,93.9729,302.7004
948000,1670.7835,61.4755,275.6662
949000,2330.1211,95.7210,304.4679
950000,2296.5722,94.5157,303.0678
951000,2168.4495,88.6917,306.9078
952000,2279.7971,93.4121,305.1881
953000,2329.9375,95.9709,304.0622
954000,2217.3816,90.4658,303.6395
955000,2292.4855,94.0771,305.1773
956000,2333.7971,96.1910,305.2705
957000,2291.2201,94.1708,307.9823
958000,2360.0785,97.3695,305.6554
959000,2296.2530,94.1888,304.4939
960000,2343.2530,96.6496,307.7791
961000,2186.0406,89.0865,305.3544
962000,2264.1523,92.8236,306.7544
963000,2268.5093,93.1032,307.8102
964000,2230.7598,91.5667,305.6936
965000,2227.4384,91.0329,305.0802
966000,2279.3681,93.7675,309.0016
967000,2302.9612,95.0382,306.5816
968000,2315.6569,95.5395,309.2566
969000,2307.9327,94.9677,308.8769
970000,2293.3001,94.1800,306.0160
971000,2273.4309,93.2293,308.5522
972000,2341.8330,96.9584,310.1619
973000,2277.7610,93.5072,307.7181
974000,2298.3950,94.3546,306.5526
975000,2336.6589,96.4055,309.0189
976000,2322.7986,95.6908,306.7785
977000,2309.0037,95.0259,309.1647
978000,2277.2594,93.6404,303.6043
979000,2213.0524,90.4031,303.1334
980000,2262.7383,92.7624,303.3774
981000,2275.1340,93.1326,303.0645
982000,2307.5131,94.8231,305.1159
983000,2342.4421,96.3718,302.0170
984000,2134.1504,87.0891,303.1573
985000,2294.2481,94.1795,305.2246
986000,2089.2669,84.9759,299.2401
987000,2304.1701,94.3983,303.6698
988000,2312.7238,95.1215,305.9214
989000,2299.2309,94.3303,303.8658
990000,2335.5947,95.9234,302.6487
991000,2316.9075,95.4098,305.9131
992000,2276.9130,93.3821,305.4042
993000,2316.0216,95.2286,306.0119
994000,2304.6527,94.7393,305.3644
995000,2272.2865,93.1599,302.2081
996000,2269.9147,92.8440,304.7685
997000,2329.9080,96.0492,303.6073
998000,2374.0754,98.1279,302.6586
999000,2266.5938,93.2110,302.5626
1000000,2263.2650,92.6374,302.2700
1001000,2284.2786,93.6951,304.3452
