timestep,reward,distance,control_cost
1000,16.9948,-4.5604,313.3830
2000,67.3451,-4.6885,306.9892
3000,325.3465,0.5281,309.6378
4000,414.6145,5.0972,307.4371
5000,90.2658,-0.9562,303.8736
6000,368.4294,-1.8618,307.2047
7000,215.8409,-4.7836,312.2028
8000,183.6612,-6.3827,307.0375
9000,296.8530,0.8856,299.7178
10000,58.9219,-6.1363,309.6080
11000,246.1815,7.0261,304.1301
12000,362.0755,-2.2662,306.6776
13000,326.4037,-1.7219,304.5081
14000,327.9744,-1.5317,305.3971
15000,318.1522,4.9785,302.9219
16000,261.5929,-5.4052,303.3308
17000,296.0506,-1.6293,301.4996
18000,339.8964,-2.6307,306.0849
19000,259.5926,-5.4116,309.5985
20000,209.3724,-0.3717,304.7573
21000,262.9255,3.4192,302.1632
22000,386.1406,-0.5039,304.6353
23000,137.4662,-2.3717,307.7236
24000,309.0687,-0.0089,304.0205
25000,433.2911,2.1553,303.5644
26000,286.2136,5.1937,302.7212
27000,406.9402,-0.2555,304.0107
28000,267.4134,0.7523,302.1810
29000,338.2861,-1.4495,299.6649
30000,280.4050,0.7289,305.2063
31000,337.3633,-2.7215,308.3101
32000,381.7910,-0.8660,299.7015
33000,368.4688,3.1166,299.5604
34000,403.6063,1.2795,301.9217
35000,291.1698,-2.7740,302.2755
36000,389.3102,-0.1172,301.8121
37000,374.0403,-0.1228,301.7466
38000,411.8400,0.3313,299.2960
39000,452.5225,4.3460,301.6925
40000,356.0481,-0.2746,299.4732
41000,297.8576,-3.2235,293.2819
42000,265.6353,-0.7397,299.6575
43000,198.5601,0.4196,299.9506
44000,436.7456,2.3989,300.8060
45000,298.8051,-5.3245,292.6995
46000,340.6500,1.5951,301.7082
47000,474.4081,4.4327,300.2564
48000,291.3683,0.5643,298.8555
49000,427.1091,2.1599,299.5246
50000,392.7094,2.7792,297.9347
51000,437.7250,2.8824,299.1323
52000,398.4849,-0.9286,298.3723
53000,220.2316,6.0010,299.1518
54000,442.2664,5.7765,296.9632
55000,468.1528,9.4971,296.2221
56000,439.5258,1.8092,297.7595
57000,535.8080,6.0129,300.2805
58000,371.4641,2.9972,298.5835
59000,432.1436,1.0516,299.7128
60000,545.0734,6.6378,292.0379
61000,510.4170,4.1255,295.2904
62000,452.5128,3.5148,295.3963
63000,435.0159,4.6524,290.7563
64000,484.7102,5.2864,292.4965
65000,380.3293,3.9419,297.1508
66000,482.2417,5.1972,290.4278
67000,379.8354,3.2896,294.1659
68000,436.1665,4.0679,292.3878
69000,594.2138,9.2524,302.3061
70000,538.0501,5.8859,297.0732
71000,529.5855,6.3444,295.4143
72000,587.8472,7.7539,290.2878
73000,600.1752,8.6036,288.8006
74000,582.6478,7.8180,294.7505
75000,586.3085,8.5057,292.7946
76000,501.4368,4.9717,295.2626
77000,621.5438,10.5815,293.4991
78000,498.9191,6.4301,289.8156
79000,564.8316,7.1390,287.5849
80000,631.5087,11.2825,292.8307
81000,450.0524,6.6360,288.1389
82000,655.7614,11.6961,294.5260
83000,685.6999,12.6274,291.6584
84000,646.2241,11.0393,291.5707
85000,577.6746,8.6628,294.8887
86000,450.6280,5.9772,289.5562
87000,373.3783,2.6823,291.3514
88000,597.4007,8.6715,290.1101
89000,436.1626,2.3588,289.0632
90000,607.9443,9.4938,289.5825
91000,430.7888,7.7769,285.5701
92000,633.0840,10.3137,286.0258
93000,574.5469,8.8804,289.9298
94000,638.7481,10.6970,283.6073
95000,425.9855,3.7988,291.1806
96000,684.0760,13.6593,291.1756
97000,661.6992,12.0673,293.8899
98000,684.1378,13.4020,288.6622
99000,686.4644,13.0749,294.5264
100000,454.6099,5.8747,285.1492
101000,616.4160,10.9409,289.7800
102000,717.1311,14.9766,291.4285
103000,797.0902,18.1090,287.7377
104000,610.7792,11.4893,292.1579
105000,646.7811,13.4898,292.8897
106000,740.8151,16.3483,293.7661
107000,678.6201,14.1603,290.8030
108000,760.4309,16.7334,290.5467
109000,739.6245,16.6554,288.7153
110000,808.2756,18.9201,284.9421
111000,917.3681,24.8400,294.4393
112000,786.0386,19.2801,287.8394
113000,627.1835,13.5739,294.7206
114000,848.5280,20.4266,287.0256
115000,605.3857,12.5600,283.5143
116000,814.4533,19.6367,294.0702
117000,637.4430,13.5397,290.5547
118000,859.8995,21.4670,288.4609
119000,401.6469,7.6189,290.7920
120000,820.8981,20.7698,293.0498
121000,720.5920,17.7770,293.4670
122000,832.1744,21.1693,290.0781
123000,817.7413,19.5731,289.3163
124000,547.4118,15.2286,292.6527
125000,847.6508,21.1736,295.0158
126000,858.9948,24.1958,296.2417
127000,764.4056,18.8584,293.7276
128000,908.1824,24.5665,292.8411
129000,849.1901,22.9749,305.0452
130000,886.6281,23.5391,299.5098
131000,903.1912,24.3202,299.5258
132000,802.1094,20.9658,299.4707
133000,657.3262,17.8866,296.3800
134000,917.1744,26.5599,298.1336
135000,954.5654,26.8570,295.9256
136000,933.3840,26.3579,298.7820
137000,910.6325,26.3495,295.8270
138000,987.9860,28.5314,299.2222
139000,303.1489,14.1102,309.1053
140000,964.3308,27.3589,300.2600
141000,961.4540,27.4127,303.2953
142000,895.2871,24.8652,295.3516
143000,568.2262,13.0877,300.1649
144000,1006.2306,29.8276,299.4506
145000,949.8042,27.3573,301.4442
146000,1009.4172,29.8087,299.9015
147000,870.5109,23.9936,295.9523
148000,1071.1542,32.8781,301.7601
149000,1103.5469,34.6871,304.3821
150000,1085.6443,33.9235,304.6599
151000,1122.0331,36.0207,306.9742
152000,780.8374,20.8681,300.9054
153000,852.0938,25.8030,304.5608
154000,1064.9000,33.8985,306.4815
155000,1022.9767,32.1243,303.6717
156000,911.3519,27.3516,302.5842
157000,1133.9240,36.1588,300.6607
158000,1031.5524,31.1172,300.3840
159000,1041.2528,33.5417,310.3603
160000,815.4962,24.0378,298.9544
161000,991.7960,31.3154,308.2119
162000,932.5306,28.1919,304.8418
163000,932.2315,28.5546,299.7167
164000,1034.1939,33.8515,308.7182
165000,712.1196,21.5072,301.7262
166000,752.6756,21.1974,307.2290
167000,1125.8235,36.7304,309.2073
168000,1017.5409,33.7205,315.3690
169000,991.4684,32.1831,309.9929
170000,1230.3329,42.0642,314.6742
171000,1216.2371,40.7099,311.4588
172000,1160.1695,38.2295,309.9456
173000,1279.4905,44.0084,317.0032
174000,911.2622,30.4886,317.2713
175000,1260.1557,43.2880,317.4916
176000,1172.3407,39.2199,320.1033
177000,1220.0023,41.4055,315.1771
178000,1192.9795,40.5535,308.6549
179000,1289.0607,44.7194,317.3964
180000,1135.6459,37.7346,313.6809
181000,1008.5018,34.6406,310.4422
182000,1209.2582,40.6577,314.6997
183000,1131.2382,37.3154,311.3996
184000,1240.9849,42.1563,312.4971
185000,1102.1431,37.9990,318.0582
186000,1331.5142,47.3937,319.4321
187000,1226.7752,41.6379,313.8839
188000,598.5984,18.9423,301.1359
189000,1251.1174,43.5892,317.0036
190000,1071.7762,36.2909,314.8715
191000,1022.0337,35.5013,312.1015
192000,1194.6175,41.0921,322.6098
193000,1218.3037,41.7576,311.1347
194000,485.9900,12.6622,304.9872
195000,1237.9352,42.6574,315.2084
196000,1347.2140,47.8300,318.3906
197000,1344.8540,47.8125,319.3303
198000,1370.3202,48.8271,316.3758
199000,1118.4469,38.2137,315.2481
200000,967.8697,32.7047,317.8416
201000,1139.6793,40.6896,315.3482
202000,1317.9348,47.1060,328.8154
203000,1128.0739,38.3625,311.6123
204000,1214.8918,41.8601,322.2160
205000,599.7051,18.4206,312.0680
206000,1319.5428,47.0203,329.0072
207000,1346.1611,48.0934,320.8623
208000,1387.5008,49.4722,322.2473
209000,1219.2862,43.1049,319.1230
210000,1203.3300,42.7954,321.9357
211000,1002.9659,34.4815,315.2163
212000,1290.3311,46.1756,321.2053
213000,1250.8948,45.6914,324.1407
214000,770.2662,25.6773,321.8039
215000,1372.1347,49.3023,325.0767
216000,1390.5003,50.2564,327.7263
217000,1174.1675,42.0361,328.8994
218000,1427.9733,52.1355,328.2576
219000,1416.6889,51.3463,325.2568
220000,1371.0489,49.5712,332.2687
221000,1145.5553,40.9175,332.4928
222000,1388.2167,50.8430,332.7768
223000,767.4961,26.5325,325.6128
224000,1346.1215,49.1857,333.5318
225000,1224.8885,44.1505,327.8937
226000,1360.8115,49.3463,327.0972
227000,519.7090,14.9167,323.1751
228000,567.8590,16.6719,320.4109
229000,1091.1091,38.7152,322.5083
230000,1347.7107,48.9984,320.7275
231000,1441.3773,52.4428,324.1601
232000,1170.4422,42.8791,325.4167
233000,1109.8777,39.4521,321.9619
234000,1467.3598,54.2162,325.2809
235000,1017.2963,35.2141,322.7991
236000,1372.5002,49.8400,325.4669
237000,1304.2908,47.1900,328.5918
238000,1167.0664,41.7989,321.5965
239000,1066.1237,38.5328,324.3228
240000,1096.0846,39.9759,325.0142
241000,1386.3895,50.8452,328.1922
242000,1334.2271,47.7722,326.7230
243000,1021.8584,36.4292,318.2469
244000,1189.7200,43.1453,324.8452
245000,230.9928,5.1698,312.5862
246000,1529.7316,56.9250,324.5393
247000,1439.4121,53.9519,329.6964
248000,1002.9637,36.0677,322.5863
249000,1444.8414,53.6576,330.5963
250000,425.5231,11.8107,306.3493
251000,1415.1398,52.5037,327.2868
252000,1289.2472,48.7380,325.5913
253000,1397.4107,52.5767,335.0635
254000,1111.2096,40.2200,328.0467
255000,273.9482,6.7342,304.6392
256000,1406.8907,51.6606,325.9249
257000,1468.1424,55.3177,329.8098
258000,1417.8064,52.1144,330.1653
259000,1355.1184,50.1456,330.1917
260000,1335.2846,49.6019,331.4798
261000,1514.1535,56.8249,330.6478
262000,779.0739,27.5470,321.5232
263000,998.8862,36.4960,327.7109
264000,1493.3133,56.5793,339.1691
265000,1012.2031,36.7025,326.4731
266000,1556.3978,59.2007,338.6527
267000,1190.0879,48.9956,328.3556
268000,1275.2083,47.6818,327.9445
269000,536.8504,18.3620,313.7685
270000,1409.5210,52.9402,331.0322
271000,1282.2498,48.2557,333.5072
272000,1481.5598,55.6837,334.5050
273000,1476.1598,55.4017,332.1458
274000,824.8124,30.7781,326.2733
275000,379.4144,11.3653,317.6407
276000,973.3864,36.2987,320.3703
277000,1523.0402,57.1936,332.0516
278000,1191.5610,44.4686,318.0459
279000,1587.5974,60.7142,332.4051
280000,1486.4595,55.6256,336.7174
281000,1383.9609,52.2882,332.3859
282000,1321.3508,50.5178,327.9575
283000,1425.9526,53.5037,334.5688
284000,1214.1126,44.3204,327.0903
285000,1300.9207,48.2890,328.2886
286000,1579.5547,60.3024,336.1559
287000,1474.1561,55.2369,334.7391
288000,1241.1072,46.2965,334.7592
289000,1035.5311,38.0501,326.5245
290000,1396.9712,53.7124,330.0436
291000,1174.3549,43.4578,328.7330
292000,1514.3569,57.8445,334.2301
293000,1596.8640,62.0411,341.6547
294000,1626.6455,62.8461,337.4097
295000,1451.5890,55.2478,334.9241
296000,1404.1530,52.8361,329.3594
297000,1507.4168,56.8659,338.5688
298000,1100.7407,40.6854,329.7806
299000,1094.8736,40.2724,324.8857
300000,1151.6837,43.6400,332.3142
301000,1408.5998,53.9258,329.8574
302000,1579.2834,60.7503,343.5657
303000,1658.8730,64.3891,338.3213
304000,1523.1227,57.6953,337.4907
305000,1470.3591,56.5463,341.9888
306000,1662.4475,64.8750,343.6242
307000,1600.8608,63.3431,341.7012
308000,1209.0903,46.1758,325.6829
309000,1563.5874,61.0690,334.7386
310000,1196.5137,44.3671,330.7081
311000,1559.4228,59.9576,335.9634
312000,1647.2995,63.7529,333.6657
313000,1442.2903,55.0245,340.7220
314000,1559.7556,60.0276,332.4567
315000,492.9183,17.2083,318.1460
316000,1142.4511,43.1207,324.9662
317000,1577.4670,60.6021,340.3595
318000,1013.7288,38.3292,320.3242
319000,943.5439,35.2036,321.7848
320000,1475.3802,57.2980,334.7788
321000,1117.0642,44.1023,318.8939
322000,1464.5979,57.5241,331.8316
323000,1563.6848,59.5130,337.9707
324000,1377.5718,53.1808,320.6031
325000,1141.8700,43.4163,325.0712
326000,749.7658,29.8243,320.7991
327000,1364.9316,52.8420,329.6235
328000,1536.3188,59.0232,340.7369
329000,1575.8325,60.7471,344.4089
330000,1711.9535,67.3042,335.5325
331000,1413.4402,53.9256,325.6321
332000,1572.2265,60.6425,333.8128
333000,1329.3296,51.9005,334.9266
334000,1517.7031,58.9904,336.0738
335000,1597.6403,63.3065,331.0883
336000,1689.1700,67.1508,346.7474
337000,1235.2276,47.5475,332.5813
338000,1608.8720,63.0322,338.7440
339000,1677.4249,66.6817,343.9305
340000,1666.0849,65.4465,342.9482
341000,1544.8540,59.7059,330.7949
342000,1583.7171,61.0242,339.9712
343000,1444.3165,56.3958,328.2640
344000,1363.1020,53.2514,332.2611
345000,1623.6207,64.1786,337.7570
346000,1637.9543,64.7446,341.3726
347000,1485.8777,57.9550,342.2813
348000,1632.3754,64.2541,339.1270
349000,1684.3628,66.0831,347.5020
350000,1298.5135,50.2684,333.9780
351000,1502.6407,58.3834,338.3726
352000,1660.3893,66.5892,336.3576
353000,1671.2540,65.4856,343.8907
354000,1420.1909,57.3259,331.0034
355000,1576.1451,63.0322,347.0591
356000,1503.7957,57.8867,341.3007
357000,1582.5478,62.5339,339.1880
358000,1680.1027,67.0374,334.9529
359000,1683.2366,67.7842,343.9858
360000,1002.7020,41.2196,324.3416
361000,1681.8841,66.4719,350.9263
362000,1670.1350,65.5346,352.2899
363000,889.0834,37.7590,311.9650
364000,1592.9105,62.7922,343.5888
365000,1696.5242,67.3053,339.7891
366000,1652.7651,67.4498,335.6668
367000,1670.9612,65.8627,351.0560
368000,1189.2511,48.1688,335.5633
369000,1576.1455,63.3932,340.6759
370000,1567.2007,67.0216,327.5081
371000,1408.1979,58.5860,331.1011
372000,1653.0560,65.6013,349.8175
373000,1327.7565,54.2846,326.5171
374000,1806.2017,73.9098,345.1476
375000,1742.7308,69.6369,354.8703
376000,1668.5113,66.0035,348.1178
377000,1713.8457,68.8043,347.5172
378000,1781.2199,71.8052,352.9474
379000,1010.2717,43.2314,322.2953
380000,1555.5331,63.2594,339.5288
381000,1780.3478,71.5812,347.8051
382000,1624.6442,68.0142,339.2666
383000,1184.4342,48.5679,329.1045
384000,1716.9759,68.0734,344.2270
385000,1064.2619,47.1885,316.4747
386000,1602.8371,63.8059,336.1043
387000,1681.8321,68.6888,336.3589
388000,1459.1754,59.4368,336.2582
389000,1801.6654,72.3349,343.1744
390000,922.8938,39.3652,307.3811
391000,1679.7712,69.6113,333.5853
392000,1649.0558,69.1773,326.9039
393000,1622.5908,65.2444,341.4039
394000,1793.7749,72.0613,344.3418
395000,1686.0122,68.2164,339.8467
396000,1590.1178,63.8595,335.7297
397000,1727.2199,68.3635,342.0286
398000,1731.4566,69.8347,344.0412
399000,1666.4161,65.6375,346.0235
400000,1529.4682,64.6290,329.0909
401000,1096.7470,51.9428,324.2284
402000,1797.8248,77.1547,320.5198
403000,1642.8277,70.3216,329.4806
404000,1711.5960,68.1827,347.6340
405000,1416.3135,58.0587,332.7642
406000,1414.6419,63.2131,311.0087
407000,1767.7981,71.6058,344.7289
408000,1644.4564,69.7864,337.5444
409000,1689.2155,71.7559,339.8312
410000,1690.0933,69.2415,344.5263
411000,1791.0228,72.9258,349.5121
412000,1840.1283,75.3853,345.3353
413000,1726.2555,68.8779,341.4118
414000,1885.0022,78.0251,339.4850
415000,1687.2003,70.3912,333.5269
416000,1836.8452,76.4148,341.7467
417000,1837.5131,76.7684,333.9561
418000,1912.4506,79.5046,346.9400
419000,1800.9721,75.8636,337.7320
420000,1869.4862,78.1570,341.3168
421000,1644.3057,68.5950,329.3357
422000,1516.5486,68.0458,310.6914
423000,1801.1630,75.9249,336.7351
424000,1546.1708,68.8753,323.5116
425000,1734.9017,69.9988,348.9052
426000,1677.2412,69.1656,341.6524
427000,1034.4939,45.3307,312.8996
428000,1364.7315,57.9116,320.9418
429000,1661.9836,71.8406,323.6205
430000,1795.0998,71.8806,351.0962
431000,1807.0773,77.2649,327.3419
432000,1622.4692,68.8687,319.0397
433000,1491.7544,63.2224,333.1755
434000,1864.4114,76.7578,343.7852
435000,1809.6304,76.8092,332.0630
436000,1889.1570,86.2544,314.3468
437000,1840.9922,80.3205,324.2966
438000,1855.5520,76.0823,343.5485
439000,1874.8466,82.8134,323.6324
440000,2203.3447,101.4170,313.0591
441000,1716.7031,78.3008,320.1599
442000,1677.0758,72.2051,341.8939
443000,1725.8403,72.6161,344.9593
444000,1792.4717,72.1205,351.2938
445000,1487.1006,65.6821,324.1181
446000,1818.6432,77.5805,334.4034
447000,1589.3761,71.0016,310.3117
448000,1893.8622,83.4812,316.6163
449000,1748.9617,70.5736,354.1322
450000,1896.4280,78.5513,349.2053
451000,1699.8513,71.0947,343.7468
452000,1789.1009,74.8403,349.5587
453000,1633.7118,78.9250,317.5043
454000,1878.0414,77.6920,348.1251
455000,1926.0556,87.8734,315.5236
456000,1899.5889,79.2777,342.6617
457000,1899.8342,78.3983,356.6347
458000,1816.3476,75.4844,349.3346
459000,2058.3008,87.6748,349.3632
460000,1891.0502,78.1683,350.5774
461000,1868.3669,85.3298,317.0336
462000,1835.2307,74.8427,356.9096
463000,1927.6018,88.7870,320.4488
464000,1530.6709,65.6707,340.5568
465000,1799.8607,73.3422,362.9860
466000,1637.6768,70.6329,342.0607
467000,1789.8249,72.6445,363.5636
468000,2077.8087,95.5607,317.8663
469000,2115.8416,97.3722,317.6521
470000,2032.3979,89.1173,342.2641
471000,1764.4085,75.4148,351.4570
472000,1731.3620,71.3901,353.3915
473000,1612.8486,74.0180,319.2026
474000,1637.8460,67.6860,353.1558
475000,1831.7672,75.9669,356.5934
476000,1839.0573,78.3254,343.5084
477000,2028.7006,85.6550,359.6880
478000,1891.7008,79.2174,355.8967
479000,1951.3079,84.4672,336.3702
480000,1932.1157,88.7742,314.3306
481000,2414.2843,111.8594,316.4553
482000,2040.6905,91.2054,329.6649
483000,1710.7546,71.1423,349.3603
484000,1915.9389,81.8042,359.1049
485000,1788.2435,72.4722,358.4203
486000,1655.8383,86.8412,326.4958
487000,1857.4005,77.0010,356.1140
488000,2025.4556,86.6462,342.7867
489000,1880.2803,79.3208,351.0354
490000,1891.4603,77.6003,357.7507
491000,2005.6580,87.0798,339.2176
492000,2172.9920,96.2939,326.4720
493000,1751.7120,72.2138,361.2522
494000,1824.4952,74.1273,368.3425
495000,2137.1767,93.1214,348.0076
496000,1983.2605,83.6760,354.4215
497000,1858.5675,81.8143,330.6118
498000,2127.7843,98.0779,313.5336
499000,1914.2360,83.0887,332.3528
500000,1955.2136,81.4543,354.9663
501000,1739.4685,88.4731,320.0919
502000,1961.8615,85.3355,341.1778
503000,1910.7038,79.6784,357.6503
504000,1967.0374,82.7969,359.1545
505000,1885.8263,78.3552,353.3768
506000,1915.9868,88.2177,313.5207
507000,2201.8483,101.4850,309.2614
508000,1840.5864,75.3729,361.5638
509000,1818.3403,77.6254,341.1270
510000,1934.9584,82.4219,342.5842
511000,2065.8697,88.8545,346.4203
512000,1835.4393,76.0311,356.5946
513000,2034.8667,93.7589,322.1402
514000,1782.5413,74.6995,357.7964
515000,1767.0321,73.9363,348.7196
516000,1944.1498,81.2636,353.1787
517000,1960.4487,83.2540,349.8219
518000,2168.6138,97.5571,329.7552
519000,2264.0833,99.7420,339.0218
520000,1947.5957,81.0085,361.6000
521000,1897.5044,86.7814,334.4679
522000,1915.8737,80.2242,352.1908
523000,1697.4088,73.7341,345.8581
524000,1713.9079,74.7814,345.1860
525000,1941.6827,80.6084,365.4727
526000,2087.7136,90.0616,351.3958
527000,2062.0239,89.3586,350.6674
528000,1986.4409,84.0669,356.7842
529000,2252.3540,105.0075,321.2495
530000,1803.0577,74.6089,354.4145
531000,2335.3272,108.6666,320.3281
532000,2056.7984,89.2246,346.8305
533000,2418.4452,109.9728,328.6805
534000,2229.4828,98.3395,342.7885
535000,2358.2061,106.6414,326.1735
536000,2024.4146,85.2085,359.6275
537000,2381.7926,108.7832,332.9713
538000,2409.6372,108.8911,332.4050
539000,2264.9152,100.9443,345.0299
540000,1866.3894,76.8803,362.1245
541000,2252.1568,99.5396,351.8814
542000,2132.8876,94.4275,347.8350
543000,2560.2243,119.8867,321.2123
544000,2649.3702,123.2590,325.5690
545000,2086.6305,89.2559,354.9009
546000,2293.5356,103.3194,343.9343
547000,2278.2182,102.7980,342.3070
548000,2510.5683,117.5793,321.3425
549000,2146.1239,95.1669,343.3495
550000,1863.4440,76.7748,359.9798
551000,2661.5962,125.0209,327.8910
552000,2165.9849,97.0992,345.3543
553000,1642.2133,67.6332,354.5080
554000,2425.8026,114.0121,327.7908
555000,2335.0509,104.4549,343.3095
556000,2336.2997,104.6238,347.6268
557000,1919.8297,80.1353,360.1818
558000,1928.3331,79.9517,358.7157
559000,1829.9653,74.8443,362.0289
560000,1922.1409,84.7702,343.8779
561000,2228.4359,98.2494,348.3517
562000,1950.4425,83.3207,355.9995
563000,1771.6036,74.7815,351.0020
564000,2267.4238,103.4071,341.8691
565000,2500.2088,117.3888,326.3951
566000,1930.7987,81.9117,357.7092
567000,2292.2640,103.2748,343.7356
568000,2076.3742,89.5933,347.4804
569000,2344.2524,108.5286,329.7357
570000,2484.5232,117.0331,329.1222
571000,2681.0818,126.0757,324.8325
572000,1929.7652,80.8396,351.1504
573000,2244.6729,106.2015,328.7819
574000,2795.4262,131.8214,329.8160
575000,1882.9208,84.6665,339.0011
576000,2711.2539,128.1184,333.7579
577000,1823.9287,74.3094,360.5795
578000,1920.9519,83.0180,359.0583
579000,2671.1657,126.8231,339.4304
580000,1890.8530,78.1376,360.5075
581000,2084.2757,88.7975,358.5491
582000,1941.1991,81.0412,358.9576
583000,2351.4389,108.7539,336.4746
584000,2388.6840,112.9358,333.6544
585000,2979.5890,141.4317,337.0512
586000,2086.7783,97.3873,335.6417
587000,2749.4270,129.6553,332.2865
588000,2706.4880,128.3198,334.0568
589000,2469.1818,115.1227,340.0953
590000,1954.8611,81.7427,353.9962
591000,2509.8178,114.4578,344.3652
592000,2372.8652,105.8501,344.8393
593000,1938.2180,80.3040,357.2517
594000,1764.7809,71.6471,357.8046
595000,2431.8285,110.1304,342.8854
596000,2069.9366,88.2023,359.6241
597000,2592.4222,127.9983,338.5525
598000,2074.2042,87.8928,356.6979
599000,2112.8454,90.9393,360.5606
600000,2299.6147,100.3737,349.1236
601000,2506.0480,115.2635,340.3906
602000,2318.7863,102.9286,347.8979
603000,2577.2892,121.9291,338.7063
604000,2776.1199,130.0472,338.1509
605000,2389.4183,108.8834,348.5530
606000,2430.2933,108.8083,353.8747
607000,2789.8246,129.9373,347.3020
608000,2792.8334,132.2816,335.2124
609000,1853.1110,75.8230,364.9225
610000,2353.5801,104.8825,351.0238
611000,1981.5222,88.2686,349.0629
612000,1968.8950,81.6174,361.9768
613000,2194.0153,94.5298,356.2582
614000,2137.6011,90.8744,358.5666
615000,2046.2207,86.4037,359.2197
616000,2319.8396,103.0716,352.4423
617000,2856.0831,133.2589,342.9689
618000,3038.7437,143.3086,338.9325
619000,2550.0586,121.1319,332.1723
620000,2917.5586,138.4354,338.0555
621000,2062.1536,87.2264,357.4405
622000,2109.8911,90.7803,354.5475
623000,1907.2203,78.2222,359.2694
624000,1951.6235,81.5535,356.3306
625000,2647.7829,125.4809,338.9646
626000,2771.5564,131.3927,342.1557
627000,1999.3686,83.2351,357.6268
628000,2042.3499,86.7301,362.4886
629000,1985.4072,82.9998,361.9112
630000,3172.7984,151.1394,339.3564
631000,1943.5532,80.8381,361.9310
632000,1974.5594,82.1834,364.4372
633000,2819.4965,133.9758,334.4533
634000,2307.7876,102.2972,351.0327
635000,2413.1326,110.2137,345.2216
636000,2772.8910,131.6872,340.9798
637000,2092.7385,90.8599,358.0549
638000,1941.5622,89.0948,353.8402
639000,3018.0761,144.2820,343.5851
640000,2058.0138,88.2664,357.9194
641000,2759.3769,131.6261,343.6216
642000,1870.5239,77.6881,367.6847
643000,2988.6524,142.3000,341.4892
644000,2155.2314,93.1213,360.0191
645000,2023.2576,84.6995,365.9360
646000,2637.7606,124.5773,342.8408
647000,2166.3228,94.5183,359.5283
648000,2286.4678,101.7433,359.7135
649000,2224.6572,96.7387,365.0174
650000,1885.1918,78.8220,357.8600
651000,2668.9268,127.5823,342.9329
652000,2206.2046,101.3519,349.7013
653000,3054.3561,145.7629,341.3340
654000,1997.2463,83.7405,367.5962
655000,1899.3626,78.7234,364.2564
656000,2339.1684,104.0385,356.3342
657000,2501.8174,119.1040,342.8004
658000,2874.3190,137.4932,344.8632
659000,1977.5515,82.2724,365.8477
660000,2736.8672,128.1610,345.2414
661000,2158.6183,93.0747,359.7983
662000,2246.3284,97.7782,361.5327
663000,2192.8229,96.1089,354.8461
664000,2021.9267,89.9961,352.5221
665000,3062.4552,145.2689,344.1404
666000,2850.1340,135.3265,336.9616
667000,2087.9574,90.2819,362.1157
668000,1993.0313,84.3537,362.0547
669000,2833.9172,134.4819,337.7837
670000,2998.1517,142.6690,338.5156
671000,3240.4760,154.3436,332.0537
672000,2888.4717,137.5133,338.1504
673000,3289.7259,156.7092,330.3647
674000,1959.5468,82.2269,362.7245
675000,3243.2164,154.2871,331.4348
676000,2240.8466,97.7404,355.6721
677000,3036.7292,143.8956,338.1887
678000,2531.5736,114.4149,348.3046
679000,2982.6549,141.3915,328.4319
680000,2808.3596,131.1611,344.0601
681000,1991.3872,82.6613,367.9053
682000,3210.4262,153.0094,333.8639
683000,2772.7521,129.3885,343.1943
684000,2763.8872,128.7136,344.4193
685000,2067.8415,88.9103,357.1395
686000,3046.8034,144.8299,335.7573
687000,2115.4192,91.0643,358.1024
688000,3140.0997,149.1391,333.5324
689000,2376.7691,106.2557,351.8723
690000,2453.1489,111.7844,351.9402
691000,2688.7082,123.7273,350.3622
692000,2582.7729,118.6330,347.5307
693000,2995.3469,139.9287,342.8228
694000,2817.4928,131.2698,342.4287
695000,2882.3683,134.1590,343.0363
696000,3077.5876,146.3502,335.5367
697000,3221.3481,153.4781,335.8663
698000,2769.0130,130.6774,341.0754
699000,2893.7634,134.3717,345.3097
700000,3128.3401,149.0381,339.8761
701000,1797.6742,74.8859,366.3494
702000,2990.5721,143.0726,335.6790
703000,3162.9365,150.5843,338.4146
704000,2264.9895,99.5400,356.9111
705000,2994.8522,143.1318,342.6115
706000,3165.0246,151.1606,344.9981
707000,3070.1937,146.7125,335.9287
708000,2090.9357,89.5986,365.7278
709000,2974.4904,142.1237,342.1630
710000,3132.9307,149.4098,341.0943
711000,1903.5331,78.7166,369.6871
712000,2289.0326,103.2791,350.6012
713000,2389.6307,113.9034,339.6244
714000,2610.1330,121.0011,347.8876
715000,2255.3476,101.2409,355.9221
716000,2611.6954,119.8435,355.0674
717000,2910.2395,138.8041,338.8693
718000,2026.2442,86.2483,365.6428
719000,3293.1017,157.3104,337.0266
720000,1651.6706,67.6427,365.3092
721000,3307.5947,157.9656,343.1786
722000,2874.5075,137.3235,343.6458
723000,1428.8977,72.2668,350.3175
724000,2727.9302,127.5113,353.1514
725000,2605.1598,118.7549,358.3620
726000,1593.5172,74.7177,363.9922
727000,1857.3194,81.3733,365.7638
728000,3114.7655,149.2206,348.7515
729000,3395.1349,163.0321,352.8570
730000,2512.5013,114.7017,364.2582
731000,2795.6428,130.9084,355.4088
732000,3236.8640,154.6711,353.1762
733000,3229.8238,155.2361,352.8910
734000,3411.2478,163.9287,352.6057
735000,1854.1789,77.7387,378.3801
736000,3466.4296,166.7741,352.9741
737000,3219.1504,154.3160,352.2199
738000,2803.2082,129.9409,360.7270
739000,3479.2420,167.3828,352.7138
740000,3475.4267,167.1759,352.8055
741000,3170.5509,152.6130,353.2024
742000,2410.0753,107.8096,367.9683
743000,2937.3876,137.4907,358.4200
744000,1839.9864,76.8114,372.1755
745000,3372.8159,161.8159,352.4250
746000,1719.2407,69.8291,373.1377
747000,2053.8252,88.8444,376.8622
748000,2226.6481,98.5612,371.1456
749000,2540.6173,115.5778,371.8310
750000,2491.9765,113.5798,361.7610
751000,2000.2367,84.5909,376.6758
752000,1331.1006,52.8814,374.4365
753000,1959.1960,83.1944,373.1026
754000,1931.7394,81.2612,377.3038
755000,1776.3538,73.3548,375.5325
756000,2326.3202,107.3940,359.3285
757000,2394.5004,106.9607,372.9131
758000,3042.1745,146.2921,359.6089
759000,3194.1735,153.6622,358.6679
760000,3156.7294,152.6924,363.1609
761000,1993.4460,87.0302,375.3009
762000,3593.3400,172.9796,354.9880
763000,2616.0427,125.9261,363.6264
764000,3329.7804,160.3234,360.5669
765000,2284.3273,101.5045,374.6613
766000,2327.9947,104.5270,372.3306
767000,2991.5768,144.2921,361.4837
768000,3326.3947,160.4334,359.7130
769000,2910.2686,136.1835,368.1575
770000,1850.6291,77.0222,383.7236
771000,3067.3405,146.9015,361.7592
772000,2077.1534,91.2649,376.2160
773000,3650.6687,176.2884,360.6841
774000,2865.5654,134.0309,366.4317
775000,2115.5389,92.2786,367.9989
776000,3180.9372,152.3938,360.4144
777000,3129.6072,150.8125,359.1553
778000,2009.9360,85.8064,375.5918
779000,2897.7666,139.7850,361.9887
780000,2473.0359,124.5721,357.8830
781000,2799.7948,129.5357,366.3996
782000,2360.0236,107.7154,370.8287
783000,2049.6897,88.2205,377.8531
784000,1892.9055,79.2416,376.0647
785000,2929.1952,141.1024,362.1893
786000,2242.5491,100.3780,371.4062
787000,3143.2399,150.4656,368.5878
788000,1739.9128,79.6051,374.5926
789000,1911.4149,80.3629,374.1646
790000,3522.2236,168.3585,363.0205
791000,1495.5302,66.7604,401.9084
792000,2235.5907,99.6848,372.0509
793000,2295.0145,102.2035,369.2691
794000,1886.5866,78.9441,380.7378
795000,2710.4646,124.9900,370.5296
796000,3343.9300,161.5998,366.4843
797000,2089.7556,90.4064,379.1163
798000,3232.5217,156.4435,360.6729
799000,1759.9306,73.1193,377.9225
800000,2573.5987,127.5945,364.1380
801000,2538.9653,114.5730,374.9595
802000,3191.5783,154.0685,363.0316
803000,2747.1898,132.1286,362.5653
804000,2090.2097,91.1907,375.5744
805000,2130.3962,92.2143,375.1386
806000,3028.6156,146.4273,365.0211
807000,3391.2453,163.9946,364.6281
808000,2134.8324,92.1811,370.2089
809000,3028.5953,141.7562,365.8682
810000,1762.4702,73.0624,372.0469
811000,2817.4752,131.7013,370.2371
812000,3297.2976,159.5506,367.9338
813000,2026.1866,86.0646,372.4721
814000,3423.4852,165.5891,370.3843
815000,2660.1843,121.4036,367.9085
816000,3704.9072,179.3303,369.4323
817000,3299.6991,159.4822,368.6442
818000,2516.5454,113.8019,373.1998
819000,3674.3439,177.8901,369.7487
820000,2553.9450,115.4363,372.1544
821000,2225.5694,97.1861,373.4256
822000,3349.9199,162.7550,370.4653
823000,1956.2407,82.7969,375.2874
824000,3126.0447,152.1570,377.1436
825000,3535.5119,171.1974,373.2174
826000,3223.5535,154.4579,372.2142
827000,2207.3450,95.8055,372.4377
828000,1926.8849,81.2772,375.0610
829000,3259.1296,157.8660,370.6588
830000,3149.1492,152.2854,367.9975
831000,2000.7534,85.6452,381.2483
832000,3608.7542,174.9815,373.5586
833000,3088.8889,145.6986,372.6391
834000,3619.0606,175.2563,373.7657
835000,3572.3963,172.7525,373.7171
836000,3229.2647,154.0492,373.0424
837000,2898.7846,134.9155,372.9458
838000,2022.6764,85.4101,371.8213
839000,3559.4224,172.1664,373.4724
840000,1889.4258,78.6383,377.1690
841000,3288.0465,155.8713,371.5931
842000,2813.1924,130.3325,374.5520
843000,3388.7551,164.0591,367.9964
844000,2472.5357,111.6742,372.0506
845000,2268.2752,99.8406,369.0471
846000,1732.8568,75.2792,399.4998
847000,2099.3244,90.0306,373.6022
848000,3768.2914,182.4987,368.7834
849000,2402.3138,108.5696,369.7715
850000,2929.6964,136.6290,366.4815
851000,3253.8247,154.0683,367.3622
852000,2123.1255,91.0093,369.4977
853000,2517.0604,114.8981,370.4672
854000,3648.8546,176.2582,363.6647
855000,3563.0032,172.4528,372.2154
856000,3153.0771,152.5904,367.2391
857000,2796.4560,129.8431,370.6418
858000,2152.7082,92.7465,371.2003
859000,1753.6630,74.4450,370.5420
860000,3765.3956,182.2560,369.5442
861000,2941.6039,145.1200,365.8476
862000,2452.9676,110.1218,371.8706
863000,1933.7544,81.1140,371.1850
864000,1941.4438,82.4268,371.5137
865000,3155.1057,152.4047,366.4176
866000,2515.9682,113.8788,364.5744
867000,2083.2145,88.8635,365.9046
868000,3298.3643,159.3747,364.3397
869000,3750.0569,181.4309,363.1731
870000,2767.5145,130.0018,369.7910
871000,3020.3599,141.3990,369.3281
872000,2402.8598,106.8085,373.5498
873000,2731.0322,128.4165,370.7509
874000,3016.4480,144.9600,359.0366
875000,1976.1758,83.6380,377.2388
876000,2073.7544,88.5808,377.7224
877000,3005.4474,141.2820,368.4058
878000,3663.1113,177.1486,370.8240
879000,2079.4061,89.1723,374.4386
880000,1860.3626,79.0496,374.1654
881000,2729.3736,128.4294,365.8364
882000,2001.8154,85.0986,372.2655
883000,1749.7661,77.2318,404.4673
884000,2445.5951,110.4327,371.1619
885000,1930.4571,80.6573,376.3369
886000,2330.1855,109.6989,371.9274
887000,2139.3108,95.8850,375.2523
888000,2225.0449,97.7507,372.2458
889000,1985.5101,87.5417,375.1646
890000,2119.1509,92.0049,376.4217
891000,2335.8461,103.3172,373.7024
892000,2129.8289,92.4410,375.8518
893000,2313.6968,102.1227,375.3293
894000,2713.8076,125.8246,370.3664
895000,3042.4101,143.2034,366.7994
896000,2874.1713,139.0270,362.1368
897000,2086.2872,89.0584,376.2410
898000,2089.5804,89.4374,372.5673
899000,2268.8280,99.6589,374.4306
900000,2497.2073,112.9308,369.2749
901000,3515.2068,169.8208,364.3493
902000,1911.1102,79.9504,376.5931
903000,3092.7055,150.0058,366.6944
904000,2576.8982,117.4900,371.6711
905000,3232.3942,156.1180,363.2109
906000,2743.5743,126.8443,372.3366
907000,3100.3107,145.0971,369.7816
908000,2224.8166,100.7464,372.3735
909000,2867.9479,138.9277,365.2315
910000,1844.9686,76.2122,375.2141
911000,2564.0253,115.9990,373.1618
912000,3444.4643,166.4883,358.7807
913000,2652.4016,120.4220,369.2520
914000,1919.5406,79.7271,374.4481
915000,3529.6598,170.2770,360.5123
916000,3320.3009,160.4484,363.6550
917000,3606.3287,174.4247,365.3300
918000,2502.6225,112.4190,371.9900
919000,3058.7441,148.4180,369.6595
920000,3706.2054,179.4862,367.2598
921000,3727.7076,180.6249,367.2839
922000,2555.5565,116.8298,368.8306
923000,3294.9903,159.8248,368.5582
924000,3446.2710,166.7027,366.9600
925000,2370.1866,105.5572,373.6083
926000,3771.1691,182.6432,367.3321
927000,3544.4145,171.7344,369.1141
928000,3668.7784,177.7443,367.5854
929000,2228.3472,98.2547,377.2505
930000,2112.3576,91.2633,373.7834
931000,3488.9915,168.8822,369.0260
932000,3467.5831,167.9089,366.7750
933000,3723.2391,180.4064,368.5563
934000,3745.8174,181.5907,370.4066
935000,3700.2974,179.1658,367.4888
936000,2995.6134,142.1889,370.1473
937000,3812.5068,184.9020,369.4850
938000,3821.3724,185.0919,365.1316
939000,3342.9578,161.9820,369.5655
940000,3191.4505,154.7054,368.2218
941000,2164.1686,94.4214,379.4465
942000,3267.2090,155.0103,372.3174
943000,3443.1461,166.6831,370.7747
944000,3030.5983,142.5532,376.7435
945000,3711.5834,179.8726,368.6216
946000,3690.3211,179.2709,371.2524
947000,2932.7053,136.6566,375.4392
948000,3440.3763,167.0400,370.2045
949000,3814.0795,185.1183,372.6903
950000,3694.6334,178.7453,365.8310
951000,3564.0158,172.4484,373.7818
952000,3889.6739,189.0338,374.3913
953000,3778.0427,183.0957,368.2951
954000,3774.4522,182.7750,368.7914
955000,3368.3636,161.3679,372.8409
956000,3802.7196,184.4798,371.0441
957000,2758.9090,129.7668,374.2654
958000,3739.3156,181.2461,368.9143
959000,3884.9465,188.8485,375.0155
960000,3762.4427,182.7000,373.5505
961000,3678.2677,178.3323,371.6414
962000,3819.1680,185.0175,371.3419
963000,3232.3399,153.5044,378.4225
964000,2259.2828,99.9396,379.8650
965000,3777.5884,183.3274,372.4527
966000,3663.6477,177.9167,375.3629
967000,3423.5481,163.6801,373.6928
968000,3192.5906,155.2004,376.1339
969000,2180.6607,94.6556,382.1733
970000,3791.6595,184.2131,379.3256
971000,2559.0873,115.3018,382.0416
972000,3675.9029,178.5178,382.1356
973000,2043.8899,87.4026,387.0741
974000,3407.8217,165.4267,376.2314
975000,2763.7927,129.3069,380.8405
976000,2624.3062,120.3741,380.4246
977000,2610.6723,120.0436,380.1806
978000,2929.9366,137.1337,377.4958
979000,3440.7516,164.2004,378.6505
980000,2904.1072,135.2230,375.4864
981000,3898.9042,189.4254,378.6239
982000,3963.2756,192.8748,378.9020
983000,3461.9294,166.3150,378.0990
984000,3708.8253,180.2819,378.3944
985000,3238.7619,154.1520,378.9224
986000,3903.7100,189.7758,379.5541
987000,3027.8046,141.4960,376.6850
988000,2546.1914,115.0357,374.5693
989000,2844.9926,134.2223,375.9968
990000,3711.1672,180.0447,374.9930
991000,3945.5685,191.9142,376.8632
992000,2362.1282,104.0363,377.3190
993000,3598.3191,174.6486,377.6818
994000,4002.3212,194.7224,380.5055
995000,3593.0967,174.2342,375.7831
996000,2605.9483,117.9709,374.9237
997000,3238.4713,157.8845,378.3642
998000,2087.4354,89.4089,375.3577
999000,3621.5320,176.3637,378.8149
1000000,3710.9037,180.7830,377.1033
1001000,2769.9848,128.8620,380.8725
