timestep,reward,distance,control_cost
1000,-162.1399,-2.4270,312.6650
2000,-73.4592,2.3638,312.7240
3000,-225.7466,-5.7142,306.4331
4000,-143.2607,-1.7041,309.9305
5000,-80.5824,1.2126,304.7812
6000,-110.5320,0.1394,309.4154
7000,-218.2656,-5.2195,307.7108
8000,-185.0557,-3.4115,308.4173
9000,-295.3717,-8.8875,314.0277
10000,-150.1239,-1.8192,310.1612
11000,-129.1834,-0.9973,308.5530
12000,-243.2003,-6.2248,309.1745
13000,56.2409,8.2233,310.6084
14000,-199.4923,-4.5421,302.0977
15000,-89.6795,1.7150,317.3023
16000,-103.9161,0.1711,302.0248
17000,-183.3267,-3.2240,313.5256
18000,-127.4671,-0.9078,304.8960
19000,-215.3936,-5.0705,303.9540
20000,-198.3077,-4.5174,303.2948
21000,-64.7238,2.1849,308.2074
22000,-86.7990,1.3006,309.2319
23000,-172.6074,-3.1572,307.4676
24000,-202.3862,-4.5737,306.8708
25000,-159.5835,-1.8919,313.9820
26000,-13.0319,5.0883,311.9656
27000,-52.7458,2.7681,306.4110
28000,-143.4831,-1.5875,309.2385
29000,-158.1553,-2.4217,305.4624
30000,-174.8986,-3.1072,305.6382
31000,-164.9124,-2.2480,308.5217
32000,-198.3977,-4.2172,308.8700
33000,-170.0976,-2.8268,306.9969
34000,-128.7696,-0.9061,304.5980
35000,-162.3555,-2.5844,305.5777
36000,-89.6854,0.8254,303.5870
37000,-107.4529,-0.1001,300.0884
38000,-128.1751,-0.8229,305.8555
39000,-209.6041,-4.7033,305.3687
40000,-202.1227,-4.6058,305.8354
41000,-164.8987,-3.0489,301.3815
42000,-129.6874,-1.1241,304.2411
43000,-120.4348,-1.0813,296.4545
44000,-43.7367,2.7872,300.5430
45000,-111.2683,-0.2922,304.6181
46000,-282.4160,-8.5917,299.0310
47000,-262.9952,-7.6315,298.2894
48000,-197.4324,-4.6913,297.3792
49000,-194.2285,-4.1151,303.9829
50000,-96.2348,0.4024,301.8573
51000,-147.0445,-2.0885,303.3547
52000,9.7287,5.1573,296.1637
53000,-111.7359,-0.7484,296.7004
54000,-94.8090,0.7041,305.9950
55000,-16.7135,4.3764,302.2304
56000,11.8551,5.3959,301.3456
57000,-65.9920,2.0034,301.8571
58000,-148.2250,-2.2106,301.0632
59000,-108.1797,-0.1891,302.7361
60000,-102.1704,-0.0396,305.6036
61000,-57.3395,2.1738,303.2303
62000,-179.2139,-3.6936,298.1084
63000,69.3612,8.1561,295.8130
64000,-124.2806,-1.2570,304.3612
65000,-55.2604,2.0279,301.8371
66000,-83.4744,0.8138,300.3456
67000,-179.7925,-3.8662,299.3208
68000,-88.3521,0.3760,299.2317
69000,-161.4169,-3.0705,298.3245
70000,-70.3882,1.3730,302.7146
71000,-121.0297,-1.1477,301.2765
72000,-95.9027,-0.0934,299.3289
73000,-85.5591,0.4052,300.5118
74000,70.7115,7.6438,294.4496
75000,-32.9967,2.9659,298.6670
76000,-82.6955,0.8996,308.5506
77000,-21.7671,3.3608,298.0827
78000,-117.3621,-1.1895,295.7277
79000,-201.8373,-5.1853,292.9134
80000,-64.7560,1.3504,299.5602
81000,-64.5835,1.0306,295.1726
82000,-84.3392,0.3879,304.4788
83000,-19.8917,3.3141,297.4357
84000,-34.7887,2.7907,298.5349
85000,-90.1453,-0.2538,297.8173
86000,-0.6363,4.2282,299.2414
87000,-104.9281,-0.9086,297.1629
88000,-4.8082,3.8118,293.8419
89000,-40.3351,2.3945,294.9091
90000,-75.9931,0.4103,295.2813
91000,0.3659,4.1950,296.3748
92000,-104.0068,-0.8449,289.3157
93000,-84.6245,0.1057,296.2174
94000,-12.7495,3.2573,300.9360
95000,15.3623,4.3172,293.2137
96000,58.1064,6.6903,294.4959
97000,9.0791,4.1453,294.3571
98000,74.6434,7.3617,293.9399
99000,61.7285,7.0027,295.4247
100000,-84.5706,-0.1559,295.4231
101000,142.9789,10.9276,302.2673
102000,-18.1627,2.9705,295.7360
103000,49.5714,6.2570,299.5549
104000,113.2119,9.3857,298.6691
105000,54.9136,6.1889,291.9159
106000,83.9702,7.8409,296.6741
107000,89.7163,8.1972,302.9283
108000,68.2796,6.8159,299.6649
109000,86.4603,7.9794,297.3857
110000,119.9859,9.4707,296.2213
111000,78.8577,7.3276,298.4904
112000,91.3441,8.1440,302.0880
113000,153.4003,10.7198,296.3620
114000,76.5708,7.3480,295.2373
115000,160.0201,11.3481,297.4200
116000,180.7933,12.5730,298.0020
117000,128.0460,10.0487,301.8253
118000,143.9027,10.3638,293.9293
119000,102.1152,8.4277,294.7293
120000,152.9775,11.1297,297.0591
121000,145.7258,10.5743,295.8086
122000,167.2478,11.4492,297.2023
123000,115.4115,9.2506,300.9136
124000,167.4702,11.4116,294.1879
125000,243.3568,15.0840,298.1654
126000,163.6445,11.5723,300.6090
127000,218.7961,13.8777,296.9705
128000,204.4816,13.0508,292.0984
129000,194.6176,12.8315,301.3593
130000,234.7877,14.8556,296.8648
131000,277.0787,16.9163,302.9597
132000,153.3694,11.0991,297.5632
133000,157.4142,11.0886,295.0514
134000,192.3945,12.7013,293.2991
135000,240.5180,15.1526,297.7407
136000,227.6356,14.4944,298.3873
137000,289.2742,17.5701,301.5358
138000,258.3270,15.9531,302.5467
139000,253.8785,15.7145,299.4392
140000,306.3360,18.2673,300.7139
141000,360.1121,20.8176,299.3311
142000,365.4803,21.1452,296.2076
143000,336.2304,19.7861,298.8662
144000,340.5031,19.8972,296.5128
145000,326.2700,19.1836,301.0316
146000,300.5194,17.9851,299.2783
147000,432.0614,24.2415,298.4912
148000,393.1957,22.6437,302.3326
149000,422.4490,23.9444,302.7035
150000,346.0555,20.2376,303.6671
151000,424.2427,23.4652,296.7970
152000,406.0558,23.0960,300.4727
153000,334.3474,19.8534,308.1026
154000,553.9992,30.4255,306.3757
155000,458.6089,25.8224,308.9355
156000,421.6683,23.7704,303.0401
157000,439.3076,24.9474,304.9981
158000,418.8941,23.8317,304.5077
159000,373.5573,21.6313,305.2968
160000,448.3631,25.4261,309.9281
161000,566.0277,30.8175,304.9985
162000,526.6227,28.8310,305.1787
163000,367.6031,21.6374,309.6836
164000,495.8801,27.5831,307.7608
165000,591.0834,32.1601,310.9528
166000,426.0960,24.1549,311.6486
167000,500.5711,27.6776,309.3284
168000,512.6759,28.6526,312.1758
169000,523.1170,28.9046,307.4954
170000,526.1159,29.3914,314.7399
171000,477.6253,26.6276,310.7743
172000,614.4307,33.4904,313.3234
173000,644.7216,34.7183,309.3776
174000,476.3948,26.6486,311.5976
175000,615.1972,33.1315,306.3793
176000,605.2351,32.5975,308.3423
177000,564.2187,31.1467,314.2937
178000,541.6951,29.7185,306.2200
179000,630.7545,33.5613,302.5567
180000,577.0049,31.2739,302.4267
181000,597.2056,32.3920,309.0169
182000,662.3277,35.3354,305.2449
183000,646.7226,34.5701,304.0024
184000,577.2056,31.4266,307.5274
185000,655.3685,34.8395,299.7573
186000,548.3126,29.6976,304.4456
187000,630.8833,33.7746,303.0263
188000,604.3098,32.4317,303.7649
189000,590.8218,31.8235,300.9243
190000,614.4798,33.0157,303.7743
191000,534.8465,29.1372,300.3164
192000,479.8160,26.6810,304.1948
193000,684.1990,36.4172,302.9524
194000,602.2207,32.4010,300.9516
195000,451.3346,24.8276,298.5782
196000,711.0638,37.3748,299.3332
197000,674.9609,36.0616,308.2203
198000,661.5269,34.9164,300.6744
199000,639.2593,34.0938,305.8150
200000,617.3243,32.6214,295.2514
201000,542.0111,29.3442,303.3100
202000,684.8978,36.0307,296.7530
203000,670.9439,35.5116,302.7683
204000,608.4849,32.3898,298.5828
205000,615.4821,32.9176,301.3694
206000,740.7272,38.7730,299.3076
207000,635.3011,33.6048,295.3041
208000,693.8997,36.3158,296.4668
209000,679.1396,35.9490,303.7534
210000,646.8779,34.3490,298.8323
211000,699.3310,36.9150,302.8834
212000,599.3970,31.9919,297.3961
213000,690.7960,36.5835,301.2916
214000,737.6191,38.5722,302.1989
215000,661.5407,35.0498,303.1563
216000,668.3702,35.0136,296.6382
217000,600.4125,32.0374,300.3613
218000,655.8278,34.5708,298.4755
219000,674.3677,35.2656,298.4681
220000,746.8734,39.0886,301.7176
221000,689.7941,36.8195,306.7352
222000,709.9597,37.2006,302.8987
223000,711.1653,37.2053,300.3197
224000,672.2286,35.7999,306.8994
225000,780.1505,40.9415,306.5438
226000,778.1751,40.7393,303.5404
227000,743.6594,39.1124,305.6349
228000,635.4665,33.8794,303.5224
229000,615.1242,32.8654,302.5187
230000,715.3106,37.6807,303.7710
231000,791.4554,41.2335,304.4798
232000,738.6276,38.8349,302.9416
233000,783.4050,41.0929,304.6541
234000,697.7897,36.7016,301.1971
235000,813.3579,42.4599,307.2395
236000,750.9473,39.2254,301.6847
237000,755.1117,39.8218,305.3901
238000,646.6009,34.5408,306.3464
239000,738.2465,38.9071,306.1324
240000,729.7190,38.1418,300.8749
241000,818.4332,42.3396,301.5885
242000,848.1879,44.0403,305.8134
243000,776.0466,40.6340,306.7269
244000,676.0295,35.5078,302.5544
245000,737.6672,38.4661,301.3543
246000,731.7236,38.6495,308.0245
247000,808.6286,42.3917,309.4846
248000,770.5780,40.1701,302.9822
249000,831.1538,42.9902,301.0697
250000,682.4327,35.9735,303.4160
251000,868.0927,44.6103,301.0727
252000,802.5368,41.5297,301.3727
253000,769.7067,40.1859,305.1060
254000,753.8024,39.1772,300.8486
255000,763.4429,39.9819,307.9717
256000,793.4438,41.3498,307.8321
257000,741.8535,38.7426,302.9743
258000,887.2677,45.4319,300.4242
259000,794.0115,41.4611,305.3525
260000,774.0401,40.1102,299.8169
261000,718.7665,37.7310,303.9630
262000,835.5007,43.2850,302.9584
263000,813.3504,42.1959,304.5858
264000,837.1860,43.1748,299.9999
265000,794.0434,41.2358,301.6768
266000,877.9955,45.3963,306.7407
267000,851.9106,44.0862,302.1519
268000,597.1191,31.5711,297.9275
269000,878.3337,45.4014,305.7432
270000,820.4480,42.5910,307.4397
271000,876.8492,45.3341,301.2386
272000,865.5739,44.4144,298.8864
273000,840.1976,43.1133,299.5000
274000,781.7885,40.5802,300.7955
275000,871.8101,44.7080,298.9835
276000,878.5087,45.1673,303.2766
277000,783.1914,40.5079,303.5563
278000,879.5916,45.4229,305.4656
279000,891.7507,45.7144,300.8879
280000,805.0081,41.4392,297.9600
281000,879.2112,45.5152,307.0157
282000,858.6173,43.8879,297.3415
283000,824.7955,42.6165,303.0703
284000,854.0094,44.0562,302.0559
285000,865.1713,44.6780,303.6162
286000,872.9807,44.6952,299.5271
287000,719.8175,37.3072,299.5017
288000,846.2048,43.5019,301.9428
289000,905.1171,46.5398,303.4764
290000,757.3891,39.3158,296.1538
291000,852.6547,43.7881,301.9636
292000,827.0347,42.3807,297.3748
293000,887.9064,45.2614,296.6110
294000,942.5798,48.3896,303.0194
295000,909.0877,46.6096,300.8633
296000,833.2980,42.8550,297.6912
297000,825.1181,42.6930,305.6036
298000,911.5938,46.6688,300.2602
299000,686.1627,35.7892,299.4804
300000,893.5861,45.6677,299.1441
301000,995.7747,50.6123,300.8095
302000,857.2949,44.4865,303.8913
303000,838.9177,42.9744,296.9716
304000,899.7827,45.7725,297.4533
305000,847.9330,43.3258,294.9680
306000,892.9840,45.9465,301.3489
307000,864.1000,44.3944,298.5481
308000,917.8782,47.0852,300.4646
309000,799.1246,41.2621,302.1674
310000,878.8616,44.9933,299.7231
311000,868.1544,44.2744,294.7868
312000,893.8952,45.4999,293.1978
313000,868.5306,44.4975,293.3152
314000,927.3925,47.2071,294.5289
315000,928.9060,47.3009,295.4957
316000,700.5169,36.2357,288.3636
317000,877.0091,45.1292,298.5045
318000,918.7880,46.7682,296.7907
319000,879.5829,44.5647,287.5132
320000,840.1737,42.9959,291.0048
321000,878.7308,44.9352,295.5278
322000,864.9923,43.8441,288.5116
323000,919.8950,46.5451,291.4672
324000,936.8053,47.3723,291.7219
325000,776.5667,39.8120,289.5487
326000,891.5006,45.1109,291.3423
327000,899.6318,45.7928,293.9928
328000,882.6261,44.8862,294.4476
329000,904.6874,45.8598,291.9085
330000,909.7884,46.0544,290.2496
331000,568.8427,30.4083,304.9201
332000,930.7979,46.7415,286.7221
333000,953.3996,48.2907,294.4805
334000,880.8895,44.4537,287.1952
335000,696.0817,35.7057,281.3874
336000,888.4998,44.9811,289.2282
337000,893.1282,44.8615,281.7933
338000,904.5779,45.7110,289.0359
339000,853.3615,43.1385,284.8904
340000,986.3011,49.5314,289.1520
341000,932.8795,46.8307,286.0902
342000,941.4639,47.6186,288.2269
343000,811.2661,40.8533,279.2337
344000,911.5395,45.8353,286.8758
345000,956.2570,48.3271,291.3408
346000,953.3801,47.9889,292.0343
347000,907.0294,45.5776,284.4060
348000,853.5701,42.9315,283.6402
349000,893.7247,45.1441,286.1796
350000,920.4490,46.5450,287.7924
351000,932.4801,46.7915,286.4183
352000,886.5361,44.5632,285.0316
353000,896.6874,45.0193,280.8434
354000,837.8417,42.1688,280.9813
355000,989.8266,49.6188,285.1668
356000,972.3556,48.7270,285.4673
357000,890.8701,44.6549,277.3247
358000,955.8410,47.9406,283.3588
359000,924.1726,46.4680,283.8700
360000,973.9065,48.7318,283.8847
361000,1050.2642,52.2842,280.9001
362000,910.5085,45.5085,281.9904
363000,995.8554,49.7047,281.8196
364000,988.1467,49.3181,284.2675
365000,946.4366,47.1245,280.4049
366000,741.2350,36.9390,272.7746
367000,1019.2296,50.3932,277.3237
368000,917.9627,45.7400,277.9255
369000,944.5153,47.2302,281.0988
370000,918.2743,45.8420,277.5135
371000,845.3241,42.3186,275.1165
372000,901.8246,44.9228,277.5943
373000,901.2879,44.9681,276.8160
374000,866.4785,43.5457,280.3790
375000,1038.3112,51.3482,277.9738
376000,1042.9763,51.8175,279.8233
377000,912.9884,45.6373,280.3077
378000,920.3648,45.7694,274.5936
379000,982.1806,48.7851,277.3712
380000,866.8545,43.1666,274.7882
381000,877.8226,43.8547,274.8709
382000,1073.9403,53.2848,278.3478
383000,1045.0051,51.8115,279.2689
384000,963.3980,47.4798,273.6010
385000,995.7635,49.1039,274.0658
386000,1002.6332,49.3981,271.8316
387000,996.9098,49.2310,272.0570
388000,984.1343,48.5927,274.9208
389000,1061.9486,52.6455,278.5622
390000,901.7805,44.6839,275.0625
391000,925.5763,45.6285,268.7163
392000,1015.2649,49.9413,270.9659
393000,1047.9592,51.5268,272.7901
394000,929.5132,45.7391,268.4666
395000,1145.8325,56.1369,273.2959
396000,1082.4936,52.7701,266.3675
397000,1003.8310,49.0529,266.5121
398000,956.7604,47.0065,266.8098
399000,992.5074,48.8388,269.9422
400000,1053.4659,51.3805,267.1326
401000,976.3526,47.7517,265.7072
402000,988.2042,48.6588,271.2919
403000,948.5861,46.6802,271.7145
404000,996.1006,48.9308,267.6854
405000,955.8148,46.9128,269.2575
406000,1054.3731,51.5371,267.0978
407000,903.5412,44.3445,264.2384
408000,843.5029,41.3394,263.1627
409000,1085.6534,53.0414,264.9129
410000,1099.1742,53.2534,261.0294
411000,854.7141,41.9118,262.7394
412000,1091.6518,53.5307,271.0577
413000,998.6887,49.0981,267.6286
414000,1092.4287,53.2804,265.9340
415000,1116.0231,54.7862,273.6319
416000,968.2325,47.3259,268.9385
417000,1052.6894,51.4336,265.4936
418000,1107.8677,54.1212,266.9532
419000,1054.0313,51.9646,277.7695
420000,1027.0725,50.1500,265.2127
421000,967.2469,47.0796,263.2980
422000,1000.9930,48.9480,266.9296
423000,1145.3363,55.8358,267.7466
424000,1025.2132,49.8145,265.2169
425000,1090.8337,53.0431,268.5158
426000,1000.9643,48.7632,267.8728
427000,1155.2893,56.3578,269.1970
428000,1077.8122,52.4021,262.3977
429000,1037.9805,50.6108,265.4898
430000,1030.6899,50.5162,269.7668
431000,1130.2958,55.0621,268.5750
432000,1114.1944,54.1247,264.7480
433000,1016.4025,49.7909,269.3626
434000,1076.3266,52.4002,268.0341
435000,1087.2708,53.0064,268.0656
436000,1092.0416,53.0656,264.3726
437000,968.8071,47.0796,261.6041
438000,1111.4817,53.9286,263.9849
439000,1045.4698,50.7104,264.8724
440000,1040.8920,50.5360,265.2905
441000,1069.8776,52.1159,265.4778
442000,1188.3381,57.9231,269.8775
443000,1053.7464,51.2358,266.0454
444000,1041.8716,50.9229,266.4829
445000,1069.2433,52.1684,267.1375
446000,1135.6758,55.2649,267.1813
447000,1006.5020,49.1566,268.4040
448000,1132.2178,55.2297,266.2171
449000,1111.5814,54.4123,270.7679
450000,1101.4975,53.5294,264.4862
451000,1161.2255,56.4883,267.5119
452000,1124.5077,54.8156,268.6793
453000,1115.8672,54.6628,270.7552
454000,1146.9297,56.2818,272.0175
455000,1116.4775,54.5096,271.7540
456000,1111.4587,54.0764,262.0021
457000,1088.9865,53.0633,267.2968
458000,1038.7158,50.7145,267.5358
459000,1124.3986,54.8236,269.1516
460000,995.2753,48.4775,264.6080
461000,1107.3254,54.0843,266.7296
462000,1190.7508,58.1563,271.8294
463000,1103.5460,54.0484,270.3194
464000,1107.5342,54.0605,268.2486
465000,1101.5988,53.6540,268.6473
466000,1148.5938,55.9413,266.9089
467000,953.0463,46.6386,269.6183
468000,1136.3381,55.7350,274.1135
469000,1148.9590,56.0501,269.5919
470000,1082.2009,52.9936,272.9798
471000,1138.6672,55.6125,270.8114
472000,1090.2562,53.5052,271.9867
473000,1007.4577,49.2440,268.8530
474000,1112.8774,54.4295,269.6505
475000,1112.5181,54.4584,269.5843
476000,1101.2653,53.9432,273.7898
477000,1116.5325,54.3779,268.5352
478000,1097.3494,53.4283,265.3361
479000,1105.2499,53.9799,270.9519
480000,1144.0417,55.6976,268.7185
481000,1016.7222,49.8153,269.9050
482000,1106.1597,53.7580,264.3568
483000,1081.4967,52.4800,263.5346
484000,1194.7754,58.3484,270.7433
485000,1229.6732,59.8168,266.5168
486000,1123.7030,54.6440,265.8356
487000,1216.8465,59.2100,269.0386
488000,1183.0459,57.5541,267.7490
489000,1183.4381,57.3815,268.4162
490000,1237.0290,59.9409,263.6687
491000,1202.7186,58.2127,263.5694
492000,1255.3786,60.7076,263.5377
493000,1152.0228,55.9060,263.3888
494000,1203.9972,58.4316,265.2357
495000,1130.7249,54.8853,262.6166
496000,1198.9772,57.7475,256.6695
497000,1188.3556,57.5002,263.9151
498000,1179.0774,57.0819,263.2088
499000,1117.9217,53.9740,258.4298
500000,1031.2519,49.9951,266.2560
501000,1235.7050,59.7401,262.3337
502000,1206.9705,58.5469,265.1857
503000,1147.0216,55.4035,259.6301
504000,1194.7640,58.0107,265.1635
505000,1170.4163,56.5609,262.9946
506000,1167.1612,56.1997,259.9155
507000,1172.4219,56.6985,262.0233
508000,1211.5354,58.6047,260.9662
509000,1169.3124,56.7858,265.2593
510000,1105.8883,53.9252,264.4487
511000,1209.4801,58.6704,263.6750
512000,1205.0448,58.2433,261.5293
513000,1275.6985,61.6000,262.0890
514000,1223.6253,59.1417,261.6052
515000,1226.4953,59.3468,263.5143
516000,1170.2037,56.9852,265.0017
517000,1148.4296,55.7436,264.9825
518000,1188.5383,57.5955,260.3609
519000,1206.4971,58.4277,261.9505
520000,1252.9660,60.4584,257.9849
521000,1224.3832,59.0846,262.5455
522000,1140.3874,55.1730,259.2608
523000,1266.1317,61.0826,257.4076
524000,1096.6935,53.2246,258.0795
525000,1184.7437,57.0535,259.1555
526000,1263.9532,61.1714,261.7191
527000,1206.7929,58.2112,258.7494
528000,1284.0804,61.9866,258.5156
529000,1254.9384,60.7450,261.5268
530000,1287.0221,62.4205,261.9874
531000,1196.1659,58.1336,264.4137
532000,1239.9922,59.8997,261.4697
533000,1278.5261,61.6566,259.1483
534000,1275.1667,61.6164,260.3024
535000,1249.0171,60.4417,258.9057
536000,1250.7579,60.3630,259.0887
537000,1320.9674,63.8758,261.1200
538000,1290.6483,62.2243,254.5009
539000,1242.8803,60.1030,258.7451
540000,1277.5938,61.6292,257.1836
541000,1032.1484,49.9509,254.0459
542000,1296.8677,62.2358,254.3600
543000,1183.9129,56.9773,254.1458
544000,1164.2632,55.9381,257.1444
545000,1276.8059,61.5122,257.1147
546000,1306.0296,62.9190,258.8148
547000,1277.5413,61.5203,252.8632
548000,1083.5969,52.5237,258.1125
549000,1230.1911,59.1143,254.4956
550000,1220.7308,58.8033,251.8467
551000,1218.5204,58.4712,251.3109
552000,1092.2483,52.3313,249.0083
553000,1209.3825,57.9161,250.8774
554000,1267.4924,60.7604,249.5269
555000,1312.7487,62.9291,250.9530
556000,1239.2918,59.2950,244.2320
557000,1115.8432,53.8699,253.3903
558000,1120.7708,53.5342,248.7668
559000,1301.9921,62.3364,250.6503
560000,1064.2953,51.0127,247.7861
561000,1360.3714,65.0467,251.8576
562000,1260.5807,60.3861,249.2991
563000,1339.5579,64.3019,253.8503
564000,1301.8008,62.5060,254.0765
565000,1315.8368,62.9715,252.0078
566000,1185.1468,56.9771,254.1423
567000,1232.5395,59.4673,254.8935
568000,1290.6298,61.9285,253.4709
569000,1261.0298,60.4278,251.6193
570000,1289.6466,62.0720,256.8013
571000,1220.3778,58.3981,251.7515
572000,1309.5521,62.8590,253.4357
573000,1119.8712,53.8451,246.4660
574000,1351.3621,64.9468,256.3224
575000,1266.2711,61.0817,256.3114
576000,1233.9466,59.2797,255.3526
577000,1133.7071,54.4118,249.8815
578000,1282.6101,61.5273,247.9814
579000,1247.7099,60.1685,254.7209
580000,1323.0614,63.5073,250.4049
581000,1255.1732,60.2228,250.6406
582000,1336.8811,63.9787,252.2952
583000,1234.9263,59.2248,252.6465
584000,1340.1977,64.4423,256.4502
585000,1187.7209,57.0221,251.4261
586000,923.2771,45.1162,259.4393
587000,1300.6509,62.3822,249.7360
588000,1322.4278,63.4637,250.6971
589000,1324.5423,63.6266,255.3552
590000,1345.4806,64.6650,255.6537
591000,1367.4986,65.8166,255.0169
592000,1276.1905,61.3815,256.7778
593000,1329.0961,63.6061,252.4631
594000,1314.5455,62.9223,245.3598
595000,1312.4415,63.1631,256.1825
596000,1403.6813,67.4551,256.7251
597000,1128.0905,54.2164,252.8713
598000,1276.5601,61.6747,256.4273
599000,1201.1793,57.9645,252.6175
600000,1197.4713,57.8963,258.8113
601000,1417.5613,68.0849,256.3603
602000,1357.2268,65.1782,255.1455
603000,1254.5295,60.3765,251.3581
604000,1390.4573,66.7758,254.2426
605000,1340.0466,64.3314,252.7409
606000,1299.6710,62.4662,254.2147
607000,1297.8306,62.1369,252.3623
608000,1406.1747,67.7300,255.9605
609000,1360.0435,65.3232,253.8892
610000,1302.5042,62.5060,253.3161
611000,1435.0060,68.6648,250.0235
612000,1363.5239,65.5494,254.6655
613000,1187.7238,57.2133,249.6060
614000,1318.8223,63.3161,252.7773
615000,1338.7002,64.5604,257.6058
616000,1359.8427,65.2006,253.2332
617000,1318.6339,63.2479,253.5359
618000,1324.5134,63.8770,255.7620
619000,1342.5482,64.6731,255.7286
620000,1323.6304,63.6849,252.7057
621000,947.2715,45.4747,251.0829
622000,1396.3506,66.8875,253.3884
623000,1363.5278,65.4749,254.3672
624000,1365.5138,65.7173,257.4518
625000,1401.7382,67.4678,255.6712
626000,1365.2907,65.6461,256.4946
627000,1344.1315,64.4471,252.7713
628000,1336.8198,64.3653,256.4880
629000,1365.3827,65.4179,251.4778
630000,1322.5447,63.2996,252.5366
631000,1419.5012,67.7961,252.4316
632000,1263.9182,60.6305,254.2675
633000,1375.8242,65.8545,253.3278
634000,1178.2240,56.4228,246.2046
635000,1392.9627,66.8187,254.8804
636000,1350.6327,64.7902,253.9994
637000,1373.2671,65.7859,252.6813
638000,1360.2561,65.3863,254.4634
639000,1404.3711,67.1194,251.5531
640000,1097.7737,52.7628,249.2821
641000,1355.1101,64.7835,252.1763
642000,1276.4749,61.2967,254.6121
643000,1190.6135,56.9996,247.6823
644000,1334.5466,63.8315,252.4467
645000,1421.4912,68.1805,254.6717
646000,1388.5216,66.7830,256.4697
647000,1243.3990,60.0063,256.7133
648000,1376.3403,66.1753,259.5438
649000,1304.6969,62.4575,251.6557
650000,1459.2839,70.0287,258.8848
651000,1126.6557,54.1865,254.0802
652000,1426.5553,68.6172,259.1603
653000,1364.1260,65.7349,259.1970
654000,1368.0338,65.8751,254.1339
655000,1399.7523,67.4708,259.5146
656000,1417.5844,68.2129,257.9007
657000,1385.7859,66.1298,249.9424
658000,1343.5082,64.2479,252.9501
659000,1390.7481,67.0304,256.0859
660000,1428.9816,68.8366,258.4899
661000,1402.9505,67.4150,257.0543
662000,1272.4567,60.9540,249.2585
663000,1372.5829,65.8558,252.5825
664000,1441.7449,68.9863,249.9643
665000,1408.3350,67.5204,249.7129
666000,1415.3534,67.9276,256.5555
667000,1429.7008,68.5757,256.7479
668000,1435.7895,68.7655,253.7673
669000,1271.5498,60.7459,247.6420
670000,1356.2474,64.9866,251.5180
671000,1373.0989,65.7759,256.5229
672000,1186.8007,56.9205,248.5583
673000,1376.4513,66.1658,257.4204
674000,1429.1539,68.4612,254.6024
675000,1347.4834,64.6818,255.3181
676000,1403.9145,67.3000,251.5761
677000,1272.4801,60.9205,252.3934
678000,1438.7044,68.7559,249.5935
679000,1435.1777,68.8142,252.2171
680000,1400.4367,67.4429,255.9277
681000,1328.3411,63.6189,248.2358
682000,1397.4784,66.7055,248.1324
683000,1424.9678,68.1419,250.4975
684000,1415.5823,67.6118,250.6073
685000,1254.0699,59.9692,246.3854
686000,1373.7841,65.6599,248.8678
687000,1388.2009,66.0316,246.5574
688000,1408.9453,67.3511,249.1706
689000,1396.5228,66.7180,249.7593
690000,1392.7153,66.5708,248.1743
691000,1384.8581,66.1227,244.5113
692000,1374.7545,65.8268,250.7167
693000,1480.1777,70.6611,248.4448
694000,1378.3551,65.8263,247.8126
695000,1443.4341,69.2895,255.0234
696000,1534.6631,73.5815,252.9411
697000,1354.9995,64.7770,248.0680
698000,1472.7596,70.3379,247.3064
699000,1040.7108,49.7763,245.2247
700000,1461.7922,69.6555,248.3902
701000,1480.2562,70.7175,248.9684
702000,1494.8666,71.2790,248.8640
703000,1417.7503,67.3437,240.7062
704000,1379.4440,65.9189,246.2738
705000,1455.7547,69.3058,246.8921
706000,751.4037,37.0493,266.7890
707000,1443.9974,68.9984,247.7599
708000,1295.5921,61.6481,239.8113
709000,1450.7908,69.3400,245.8858
710000,1243.2321,59.3918,241.2776
711000,1389.8711,66.3973,247.2237
712000,1469.9108,69.8516,243.7942
713000,1470.0099,69.9466,243.5714
714000,1310.2614,62.9429,247.1639
715000,1425.9250,68.3142,249.9370
716000,1432.5162,68.3944,246.2922
717000,1469.9186,70.3061,249.4853
718000,1427.4913,68.0480,248.5518
719000,1498.5596,71.8396,250.0285
720000,1531.4847,73.0813,246.9652
721000,1487.6575,71.0988,245.2482
722000,1426.8506,68.2191,249.7526
723000,1361.9350,65.1678,246.2173
724000,1496.2307,71.3228,244.5375
725000,1389.9676,66.4565,245.0512
726000,1425.2282,67.9153,243.5153
727000,1430.0267,68.5220,248.6122
728000,1487.7144,70.9406,243.2108
729000,1520.3414,72.4704,244.6065
730000,1432.7453,68.2256,243.3665
731000,1437.1276,68.4735,243.1242
732000,1434.1611,68.1962,242.8779
733000,1546.0676,73.5306,243.2557
734000,1450.5824,69.1174,244.7724
735000,1385.4699,66.2657,241.8707
736000,1453.9671,69.2407,241.9353
737000,1504.4439,71.5595,242.6866
738000,1434.9871,68.5967,244.1718
739000,1494.1489,71.0144,239.4809
740000,1340.4798,63.9507,240.8480
741000,1542.8853,73.4621,242.6293
742000,1438.6772,68.7574,244.4338
743000,1400.0930,67.0760,247.5811
744000,1140.7288,54.2608,241.1906
745000,1529.3252,73.0495,243.6313
746000,1471.9023,70.0807,241.7415
747000,1502.8739,71.8789,246.1059
748000,1477.5435,70.5628,242.5618
749000,1378.9982,65.5391,242.2011
750000,1488.0907,70.9004,242.2025
751000,1417.6591,67.3674,240.5567
752000,1443.3770,68.6766,241.9325
753000,1535.2505,73.1627,240.9396
754000,1570.3468,74.8835,243.8291
755000,1285.1769,61.4785,240.7035
756000,1550.8567,73.8902,242.6159
757000,1511.4651,71.9507,243.2099
758000,1496.8770,71.3057,244.0311
759000,1499.9381,71.6490,246.9874
760000,1457.3290,69.4205,242.1833
761000,1406.9888,67.0081,243.6270
762000,1529.5705,72.5774,242.2972
763000,1515.7426,72.5081,247.2865
764000,1410.6050,67.3619,242.2009
765000,1465.1769,69.9400,243.3913
766000,1410.1578,67.1856,243.5361
767000,1320.3097,63.0292,241.1054
768000,1449.5923,68.8861,239.5027
769000,1549.7288,73.7949,242.6895
770000,1334.0832,64.0224,246.6868
771000,1410.0306,66.9893,240.8922
772000,1507.8434,71.6793,242.5807
773000,1550.5792,73.8325,241.6889
774000,1518.3955,72.2447,243.5635
775000,1253.6367,59.6015,240.5213
776000,1525.0360,72.8706,245.7690
777000,1492.6059,70.9614,243.1460
778000,1543.4318,73.4815,242.7312
779000,1441.2196,68.6511,244.2690
780000,1481.1952,70.4582,244.2889
781000,1423.4139,67.7707,244.7064
782000,1309.6759,62.3268,241.8556
783000,1436.4093,68.2872,239.6893
784000,1426.4658,67.8315,243.0460
785000,1472.8433,70.0049,241.3456
786000,1294.8391,61.7091,239.7361
787000,1459.2068,69.1732,238.0582
788000,1366.5888,64.9493,243.7381
789000,1522.7158,72.3940,244.5724
790000,1439.0108,68.0208,239.8949
791000,1517.5297,71.9783,241.7000
792000,1452.9688,68.9111,239.9472
793000,1502.2366,71.4276,242.7397
794000,1496.8634,71.1269,241.5817
795000,1542.1650,73.0889,240.8805
796000,1450.9297,68.9528,243.5910
797000,1506.2514,71.6079,241.2061
798000,1284.3585,61.2502,246.1220
799000,1418.5894,67.6339,244.5425
800000,1474.4574,70.2584,244.8875
801000,1506.7238,71.4577,241.2819
802000,1497.3260,70.9456,239.4077
803000,1442.8901,68.8938,244.6315
804000,1535.4676,72.8119,240.5089
805000,1483.6813,70.4460,240.9525
806000,1497.0568,71.0518,241.4467
807000,1541.8672,72.9807,236.5230
808000,1535.8622,72.5475,236.8666
809000,1444.3342,68.4822,240.0724
810000,1492.3402,70.7881,238.8874
811000,1529.8556,72.6239,240.3512
812000,1531.6084,72.3474,236.9150
813000,1491.3516,70.9725,245.4447
814000,1480.9255,70.2868,239.4953
815000,1366.3191,64.7406,239.1713
816000,1550.5006,73.4122,239.5459
817000,1539.4327,72.9303,238.0098
818000,1292.8868,61.4997,242.7039
819000,1567.1008,74.3315,238.4769
820000,1570.0018,74.5749,240.8728
821000,1480.3731,70.5848,244.8150
822000,1438.9496,68.3313,242.5243
823000,1540.5865,73.1322,240.2990
824000,1560.6445,74.1093,240.2227
825000,1609.4549,76.6135,242.3367
826000,1577.7488,75.1357,243.1390
827000,1603.0149,76.3648,240.9467
828000,1459.0807,69.6849,246.2732
829000,1532.8254,72.8727,241.9897
830000,1503.5714,71.5316,242.4709
831000,1513.4909,71.9773,243.1293
832000,1576.7226,75.2750,246.8984
833000,1591.9891,75.8134,244.3279
834000,1534.6474,73.0905,244.5581
835000,1474.6035,70.5563,248.6681
836000,1457.9575,69.6300,244.9716
837000,1516.8754,72.4140,245.5365
838000,1588.9526,75.9334,247.5719
839000,1590.7928,76.1604,250.0698
840000,1545.3824,73.7623,249.1137
841000,1508.9188,72.4393,252.5005
842000,1549.3842,74.1217,249.8921
843000,1576.4663,75.7682,254.4881
844000,1517.0823,72.8674,253.0682
845000,1528.6374,73.0284,248.8202
846000,1533.8987,73.4458,252.1475
847000,1573.4884,75.3241,253.3799
848000,1579.8280,75.7048,250.5955
849000,1501.9852,71.8533,247.7803
850000,1522.9826,72.9614,248.3451
851000,1589.1726,75.9293,248.1033
852000,1583.9537,75.4827,245.5660
853000,1551.5326,74.0255,247.1451
854000,1488.7581,71.0664,245.6754
855000,1553.8631,74.6465,249.3030
856000,1559.5414,74.4035,246.9104
857000,1458.2414,69.7093,247.4994
858000,1573.7348,75.3115,246.0661
859000,1544.1906,74.0264,250.5400
860000,1546.2403,73.9520,249.6801
861000,1594.9173,76.5169,251.7709
862000,1517.1770,72.6112,249.1462
863000,1566.0774,74.7074,246.5377
864000,1543.1440,73.9240,248.0135
865000,1554.7140,74.3994,247.3442
866000,1628.9424,77.9720,246.9658
867000,1476.1049,70.8691,250.3546
868000,1557.5396,74.5687,248.5527
869000,1567.6985,75.1138,251.4553
870000,1497.6700,71.6914,249.8204
871000,1588.6171,75.8516,246.4257
872000,1629.9549,78.1681,249.7887
873000,1596.2789,76.4692,249.4834
874000,1549.8643,74.3528,251.1718
875000,1492.7618,71.5299,250.7685
876000,1555.4024,74.5458,249.2918
877000,1635.0861,78.7444,254.5176
878000,1546.5540,74.0949,249.9187
879000,1639.3775,78.9747,254.2356
880000,1598.5715,76.9470,254.7230
881000,1589.5745,76.3194,254.2666
882000,1578.4459,75.8605,254.1113
883000,1535.1132,73.6863,251.9788
884000,1568.8556,75.5961,255.1717
885000,1443.5516,69.4796,253.7170
886000,1676.6504,80.6990,255.7223
887000,1528.9649,73.5318,253.9430
888000,1576.5034,75.8297,254.7146
889000,1599.6019,77.0418,255.2757
890000,1475.3729,71.1794,257.4606
891000,1597.5455,76.9219,255.1077
892000,1552.8680,75.0055,256.7797
893000,1647.5811,79.1711,254.7121
894000,1560.0774,75.3262,254.7755
895000,1365.2696,65.5345,252.1289
896000,1616.9371,77.9625,255.5403
897000,1610.6519,77.8096,256.4061
898000,1628.6053,78.3233,252.9940
899000,1654.2069,79.6025,254.8884
900000,1525.5043,73.3357,249.6393
901000,1587.7978,76.0872,247.7218
902000,1578.0786,75.7056,251.8287
903000,1634.5867,78.5214,252.1041
904000,1639.8292,78.8867,253.5157
905000,1438.7823,68.8232,249.2301
906000,1520.6489,72.7985,246.9389
907000,1563.8918,75.1565,249.5945
908000,1521.5638,73.0762,252.7089
909000,1691.1717,81.0452,250.5361
910000,1682.3793,80.9378,255.1503
911000,1659.0783,79.8267,251.8447
912000,1496.6993,71.6858,247.7122
913000,1703.2853,82.0226,253.7033
914000,1743.2450,83.7128,252.1727
915000,1634.5775,78.5302,249.5272
916000,1697.0105,81.6188,248.8163
917000,1664.6857,80.0256,252.6322
918000,1597.1686,76.7916,251.7309
919000,1642.4698,78.8720,251.5441
920000,1649.4799,79.2885,250.7687
921000,1285.6542,61.9240,252.4399
922000,1671.7404,80.4957,251.2754
923000,1632.7214,78.4452,250.7519
924000,1647.4220,79.3501,253.4478
925000,1701.9466,82.1712,255.8149
926000,1555.4758,75.0263,252.7196
927000,1418.3057,68.2289,249.7529
928000,1589.0830,76.5077,254.7318
929000,1728.8414,83.5143,255.4485
930000,1591.7538,76.6051,252.9592
931000,1601.2815,77.1803,251.1725
932000,1713.4776,82.5481,253.1555
933000,1516.7761,73.2235,255.1110
934000,1612.8728,77.6891,252.6714
935000,1695.9694,81.6862,255.6764
936000,1569.7534,75.7231,254.6144
937000,1650.0509,79.5585,256.5491
938000,1603.4480,77.4049,255.9984
939000,1681.9189,80.9636,252.9853
940000,1562.5233,75.4234,254.3571
941000,1712.5677,82.6319,256.0807
942000,1632.2079,78.6562,253.6589
943000,1643.9736,79.2479,252.7090
944000,1615.5489,77.6661,252.3210
945000,1708.3130,82.0334,250.0485
946000,1688.1438,81.1360,251.3288
947000,1692.6235,81.3644,251.9885
948000,1720.1334,82.6959,251.4326
949000,1444.0738,69.3590,249.9173
950000,1696.9097,81.5184,250.4957
951000,1692.9066,81.6400,253.6130
952000,1683.8848,81.1197,251.4174
953000,1628.3515,78.3367,248.5423
954000,1742.3539,84.0344,256.1538
955000,1627.4019,78.3120,255.2582
956000,1693.1570,81.6207,254.3598
957000,1738.3469,83.7591,253.4008
958000,1692.1014,81.5931,254.9522
959000,1753.3671,84.6087,255.9206
960000,1692.2606,81.4043,254.5040
961000,1674.6416,80.6940,255.5868
962000,1684.9043,81.4618,259.2094
963000,1758.2308,84.8408,256.3042
964000,1710.5610,82.6309,259.5247
965000,1569.7463,75.7215,256.4135
966000,1778.9764,86.1341,260.7033
967000,1609.3548,78.0210,260.9700
968000,1690.8540,81.8149,260.1705
969000,1634.3546,79.2130,263.9844
970000,1740.5892,84.2613,261.7859
971000,1701.8630,82.4320,260.6350
972000,1736.0361,84.1155,263.1243
973000,1763.2003,85.1929,260.7502
974000,1669.2970,80.9758,263.4275
975000,1741.1536,84.2437,261.0517
976000,1736.0634,84.2493,266.5514
977000,1718.1782,83.3309,262.3597
978000,1709.4710,82.9957,263.6713
979000,1705.2132,82.7279,263.4812
980000,1670.3660,80.9397,262.2448
981000,1749.8144,84.9277,264.9355
982000,1781.3048,86.2261,262.8443
983000,1069.8604,51.6923,256.1625
984000,1751.6005,84.9362,264.0092
985000,1708.8265,82.6720,261.6360
986000,1635.5946,78.9440,256.9848
987000,1744.4474,84.3371,260.2471
988000,1750.5581,84.8591,265.5224
989000,1591.6560,77.1449,261.1943
990000,1616.1197,78.4566,261.4869
991000,1485.4331,71.7857,259.5406
992000,1738.7618,84.0982,261.2181
993000,1679.7184,81.4143,261.5438
994000,1672.5992,81.0416,259.3856
995000,1596.3700,77.3320,259.7448
996000,1714.9484,83.0411,262.7831
997000,1733.4701,83.9064,261.1935
998000,1683.8021,81.8887,264.4478
999000,1477.2002,71.7522,264.9033
1000000,1648.4722,79.8744,262.1723
1001000,1652.9448,79.9369,260.6700
